frequency,raw,error,smoothed,error_smoothed,equalization,parametric_eq,fixed_band_eq,equalized_raw,equalized_smoothed,target
20.00,-0.70,-6.85,-0.70,-6.85,6.85,6.11,2.52,6.15,6.14,6.15
20.20,-0.67,-6.82,-0.67,-6.82,6.82,6.14,2.60,6.15,6.15,6.15
20.40,-0.63,-6.78,-0.63,-6.78,6.78,6.17,2.67,6.15,6.15,6.15
20.61,-0.59,-6.74,-0.59,-6.74,6.75,6.19,2.75,6.15,6.15,6.15
20.81,-0.55,-6.70,-0.55,-6.70,6.71,6.21,2.83,6.16,6.15,6.15
21.02,-0.52,-6.67,-0.52,-6.66,6.66,6.23,2.92,6.14,6.15,6.15
21.23,-0.48,-6.61,-0.48,-6.62,6.62,6.25,3.00,6.14,6.14,6.13
21.44,-0.45,-6.57,-0.45,-6.57,6.57,6.27,3.09,6.12,6.12,6.12
21.66,-0.42,-6.52,-0.42,-6.52,6.52,6.28,3.18,6.10,6.10,6.10
21.87,-0.39,-6.47,-0.39,-6.47,6.47,6.29,3.27,6.08,6.08,6.08
22.09,-0.35,-6.42,-0.36,-6.42,6.42,6.30,3.37,6.06,6.06,6.07
22.31,-0.32,-6.36,-0.32,-6.36,6.35,6.31,3.47,6.03,6.04,6.04
22.54,-0.28,-6.30,-0.28,-6.30,6.29,6.31,3.57,6.01,6.01,6.02
22.76,-0.23,-6.23,-0.24,-6.23,6.22,6.31,3.67,5.99,5.98,6.00
22.99,-0.19,-6.16,-0.19,-6.15,6.15,6.31,3.78,5.96,5.96,5.97
23.22,-0.14,-6.08,-0.14,-6.08,6.08,6.31,3.89,5.94,5.94,5.94
23.45,-0.08,-5.99,-0.09,-6.00,6.01,6.30,4.00,5.93,5.92,5.91
23.69,-0.04,-5.94,-0.04,-5.93,5.94,6.29,4.11,5.90,5.91,5.90
23.92,0.01,-5.87,0.01,-5.87,5.88,6.28,4.22,5.89,5.89,5.88
24.16,0.05,-5.82,0.05,-5.82,5.82,6.27,4.34,5.87,5.87,5.87
24.40,0.08,-5.77,0.08,-5.77,5.77,6.25,4.46,5.85,5.85,5.85
24.65,0.11,-5.72,0.11,-5.72,5.72,6.24,4.58,5.83,5.83,5.83
24.89,0.14,-5.67,0.14,-5.68,5.68,6.21,4.70,5.82,5.81,5.81
25.14,0.16,-5.64,0.16,-5.64,5.64,6.19,4.83,5.80,5.80,5.80
25.39,0.17,-5.61,0.17,-5.61,5.60,6.17,4.95,5.77,5.78,5.78
25.65,0.19,-5.58,0.19,-5.58,5.57,6.14,5.08,5.76,5.76,5.77
25.91,0.20,-5.54,0.20,-5.55,5.54,6.11,5.20,5.74,5.74,5.74
26.16,0.21,-5.52,0.21,-5.52,5.52,6.08,5.32,5.73,5.73,5.73
26.43,0.21,-5.51,0.21,-5.50,5.50,6.04,5.45,5.71,5.71,5.72
26.69,0.22,-5.47,0.22,-5.48,5.48,6.01,5.57,5.70,5.70,5.69
26.96,0.22,-5.46,0.22,-5.46,5.47,5.97,5.69,5.69,5.69,5.68
27.23,0.22,-5.45,0.21,-5.45,5.46,5.93,5.81,5.68,5.67,5.67
27.50,0.20,-5.46,0.21,-5.45,5.45,5.89,5.92,5.65,5.65,5.66
27.77,0.20,-5.44,0.20,-5.44,5.44,5.84,6.03,5.64,5.64,5.64
28.05,0.20,-5.43,0.19,-5.43,5.43,5.80,6.13,5.63,5.62,5.63
28.33,0.19,-5.42,0.19,-5.42,5.42,5.75,6.23,5.61,5.61,5.61
28.62,0.18,-5.42,0.18,-5.41,5.41,5.70,6.32,5.59,5.59,5.60
28.90,0.18,-5.40,0.18,-5.40,5.40,5.65,6.41,5.58,5.58,5.58
29.19,0.17,-5.39,0.18,-5.39,5.39,5.59,6.48,5.56,5.57,5.56
29.48,0.18,-5.38,0.18,-5.38,5.38,5.54,6.55,5.56,5.56,5.56
29.78,0.18,-5.37,0.18,-5.37,5.37,5.48,6.60,5.55,5.55,5.55
30.08,0.18,-5.36,0.18,-5.36,5.36,5.43,6.65,5.54,5.53,5.54
30.38,0.17,-5.35,0.18,-5.35,5.34,5.37,6.68,5.51,5.52,5.52
30.68,0.18,-5.33,0.18,-5.33,5.33,5.31,6.71,5.51,5.50,5.51
30.99,0.18,-5.30,0.18,-5.31,5.31,5.25,6.72,5.49,5.49,5.48
31.30,0.18,-5.29,0.18,-5.29,5.30,5.19,6.72,5.48,5.48,5.47
31.61,0.18,-5.28,0.18,-5.28,5.28,5.12,6.70,5.46,5.46,5.46
31.93,0.17,-5.27,0.17,-5.26,5.26,5.06,6.68,5.43,5.44,5.44
32.24,0.17,-5.24,0.17,-5.25,5.24,5.00,6.64,5.41,5.41,5.41
32.57,0.17,-5.22,0.17,-5.22,5.23,4.93,6.59,5.40,5.39,5.39
32.89,0.17,-5.21,0.17,-5.20,5.20,4.86,6.53,5.37,5.38,5.38
33.22,0.18,-5.17,0.17,-5.18,5.18,4.80,6.46,5.36,5.35,5.35
33.55,0.18,-5.16,0.18,-5.15,5.15,4.73,6.38,5.33,5.33,5.34
33.89,0.19,-5.12,0.19,-5.12,5.11,4.66,6.28,5.30,5.31,5.31
34.23,0.21,-5.08,0.21,-5.08,5.08,4.59,6.19,5.28,5.29,5.29
34.57,0.24,-5.03,0.24,-5.03,5.03,4.52,6.08,5.27,5.27,5.27
34.92,0.27,-4.98,0.27,-4.98,4.98,4.45,5.97,5.25,5.25,5.25
35.27,0.30,-4.93,0.30,-4.93,4.93,4.38,5.85,5.23,5.23,5.23
35.62,0.34,-4.87,0.34,-4.87,4.87,4.31,5.73,5.21,5.21,5.21
35.97,0.38,-4.81,0.38,-4.81,4.81,4.24,5.60,5.19,5.19,5.19
36.33,0.43,-4.74,0.43,-4.74,4.74,4.17,5.47,5.17,5.17,5.17
36.70,0.47,-4.68,0.48,-4.67,4.67,4.10,5.33,5.14,5.15,5.15
37.06,0.53,-4.60,0.53,-4.60,4.60,4.03,5.20,5.13,5.13,5.13
37.43,0.59,-4.52,0.58,-4.52,4.52,3.95,5.06,5.11,5.11,5.11
37.81,0.64,-4.45,0.64,-4.45,4.45,3.88,4.92,5.08,5.09,5.09
38.19,0.70,-4.36,0.70,-4.37,4.36,3.81,4.79,5.06,5.06,5.06
38.57,0.76,-4.29,0.76,-4.28,4.28,3.73,4.65,5.04,5.04,5.05
38.95,0.83,-4.19,0.83,-4.19,4.20,3.66,4.51,5.03,5.02,5.02
39.34,0.89,-4.11,0.89,-4.11,4.11,3.59,4.37,5.00,5.01,5.00
39.74,0.96,-4.02,0.96,-4.02,4.03,3.52,4.23,4.98,4.98,4.98
40.14,1.03,-3.94,1.03,-3.94,3.94,3.44,4.10,4.97,4.96,4.97
40.54,1.09,-3.86,1.09,-3.85,3.85,3.37,3.97,4.94,4.94,4.95
40.94,1.17,-3.76,1.17,-3.76,3.76,3.30,3.83,4.93,4.93,4.93
41.35,1.24,-3.66,1.24,-3.67,3.67,3.22,3.70,4.91,4.91,4.90
41.76,1.33,-3.57,1.32,-3.57,3.57,3.15,3.57,4.90,4.90,4.90
42.18,1.40,-3.48,1.40,-3.48,3.48,3.07,3.45,4.88,4.88,4.88
42.60,1.48,-3.38,1.48,-3.38,3.38,3.00,3.32,4.86,4.86,4.86
43.03,1.56,-3.29,1.56,-3.28,3.28,2.93,3.20,4.84,4.84,4.85
43.46,1.64,-3.18,1.64,-3.18,3.18,2.85,3.08,4.82,4.82,4.82
43.90,1.73,-3.07,1.73,-3.08,3.07,2.78,2.96,4.80,4.80,4.80
44.33,1.81,-2.97,1.81,-2.97,2.97,2.71,2.84,4.78,4.78,4.78
44.78,1.89,-2.87,1.89,-2.87,2.87,2.63,2.73,4.76,4.76,4.76
45.23,1.97,-2.76,1.97,-2.76,2.77,2.56,2.62,4.74,4.74,4.73
45.68,2.05,-2.66,2.05,-2.66,2.67,2.49,2.51,4.72,4.72,4.71
46.13,2.13,-2.57,2.13,-2.57,2.58,2.41,2.40,4.71,4.71,4.70
46.60,2.21,-2.48,2.21,-2.48,2.48,2.34,2.29,4.69,4.69,4.69
47.06,2.28,-2.39,2.28,-2.39,2.39,2.26,2.19,4.67,4.67,4.67
47.53,2.35,-2.30,2.35,-2.30,2.29,2.19,2.09,4.64,4.64,4.65
48.01,2.43,-2.21,2.43,-2.21,2.20,2.12,1.99,4.63,4.62,4.64
48.49,2.50,-2.11,2.50,-2.11,2.10,2.04,1.89,4.60,4.60,4.61
48.97,2.58,-2.00,2.58,-2.00,2.01,1.97,1.79,4.58,4.58,4.58
49.46,2.65,-1.90,2.65,-1.90,1.91,1.89,1.70,4.56,4.56,4.55
49.96,2.72,-1.80,2.72,-1.80,1.81,1.82,1.60,4.53,4.53,4.52
50.46,2.80,-1.71,2.79,-1.71,1.71,1.74,1.51,4.51,4.51,4.51
50.96,2.87,-1.62,2.87,-1.62,1.62,1.67,1.42,4.48,4.48,4.49
51.47,2.94,-1.52,2.94,-1.52,1.52,1.59,1.33,4.46,4.46,4.46
51.99,3.02,-1.42,3.01,-1.43,1.42,1.51,1.25,4.44,4.44,4.44
52.51,3.09,-1.33,3.09,-1.33,1.33,1.43,1.16,4.42,4.42,4.42
53.03,3.16,-1.24,3.16,-1.23,1.23,1.36,1.08,4.39,4.39,4.40
53.56,3.24,-1.13,3.24,-1.14,1.13,1.28,1.00,4.37,4.37,4.37
54.10,3.31,-1.04,3.31,-1.04,1.04,1.20,0.92,4.35,4.35,4.35
54.64,3.38,-0.94,3.38,-0.94,0.94,1.11,0.84,4.32,4.32,4.32
55.18,3.45,-0.85,3.45,-0.85,0.85,1.03,0.76,4.30,4.30,4.30
55.74,3.52,-0.75,3.52,-0.75,0.76,0.95,0.69,4.27,4.27,4.27
56.29,3.58,-0.67,3.58,-0.66,0.66,0.86,0.61,4.24,4.25,4.25
56.86,3.65,-0.57,3.65,-0.57,0.58,0.77,0.54,4.23,4.22,4.22
57.42,3.71,-0.49,3.71,-0.49,0.49,0.68,0.47,4.20,4.20,4.20
58.00,3.77,-0.41,3.77,-0.41,0.41,0.59,0.40,4.18,4.18,4.18
58.58,3.82,-0.33,3.82,-0.33,0.33,0.50,0.33,4.15,4.15,4.15
59.16,3.88,-0.25,3.88,-0.25,0.25,0.40,0.27,4.13,4.13,4.13
59.76,3.93,-0.18,3.93,-0.18,0.18,0.30,0.20,4.11,4.11,4.11
60.35,3.98,-0.10,3.98,-0.11,0.10,0.21,0.14,4.08,4.08,4.08
60.96,4.02,-0.04,4.02,-0.03,0.03,0.11,0.08,4.05,4.05,4.06
61.57,4.06,0.04,4.06,0.04,-0.05,0.01,0.02,4.01,4.02,4.02
62.18,4.11,0.12,4.11,0.12,-0.11,-0.09,-0.04,3.99,3.99,3.99
62.80,4.15,0.19,4.15,0.19,-0.18,-0.19,-0.10,3.97,3.96,3.96
63.43,4.18,0.25,4.18,0.25,-0.25,-0.28,-0.15,3.93,3.94,3.93
64.07,4.21,0.31,4.21,0.31,-0.31,-0.37,-0.21,3.90,3.91,3.90
64.71,4.25,0.37,4.25,0.37,-0.36,-0.45,-0.26,3.89,3.88,3.88
65.35,4.28,0.42,4.28,0.42,-0.42,-0.52,-0.31,3.86,3.86,3.86
66.01,4.30,0.46,4.30,0.47,-0.47,-0.59,-0.36,3.83,3.83,3.84
66.67,4.33,0.52,4.33,0.52,-0.52,-0.65,-0.41,3.81,3.81,3.81
67.33,4.36,0.57,4.36,0.57,-0.57,-0.70,-0.46,3.79,3.78,3.79
68.01,4.38,0.62,4.38,0.62,-0.62,-0.74,-0.51,3.76,3.76,3.76
68.69,4.41,0.67,4.41,0.67,-0.67,-0.78,-0.56,3.74,3.74,3.74
69.37,4.43,0.72,4.43,0.72,-0.72,-0.82,-0.61,3.71,3.71,3.71
70.07,4.45,0.77,4.45,0.77,-0.76,-0.85,-0.65,3.69,3.69,3.68
70.77,4.47,0.81,4.47,0.81,-0.81,-0.88,-0.70,3.66,3.65,3.66
71.48,4.48,0.85,4.48,0.86,-0.86,-0.91,-0.75,3.62,3.63,3.63
72.19,4.50,0.90,4.50,0.90,-0.91,-0.94,-0.79,3.59,3.59,3.60
72.91,4.52,0.96,4.51,0.95,-0.95,-0.98,-0.84,3.57,3.56,3.56
73.64,4.53,1.00,4.53,1.00,-1.00,-1.01,-0.89,3.53,3.53,3.53
74.38,4.54,1.04,4.54,1.05,-1.05,-1.05,-0.93,3.49,3.49,3.50
75.12,4.56,1.11,4.56,1.10,-1.10,-1.09,-0.98,3.46,3.46,3.45
75.87,4.57,1.15,4.57,1.15,-1.15,-1.13,-1.03,3.42,3.42,3.42
76.63,4.58,1.19,4.58,1.20,-1.20,-1.18,-1.08,3.38,3.38,3.39
77.40,4.59,1.24,4.59,1.25,-1.25,-1.22,-1.13,3.34,3.34,3.35
78.17,4.60,1.31,4.60,1.29,-1.30,-1.27,-1.18,3.30,3.30,3.29
78.95,4.61,1.34,4.61,1.35,-1.35,-1.32,-1.23,3.26,3.26,3.27
79.74,4.62,1.39,4.62,1.40,-1.40,-1.37,-1.28,3.22,3.22,3.23
80.54,4.63,1.45,4.63,1.45,-1.45,-1.42,-1.33,3.18,3.18,3.18
81.35,4.64,1.50,4.64,1.50,-1.50,-1.47,-1.39,3.14,3.14,3.14
82.16,4.65,1.56,4.65,1.56,-1.56,-1.52,-1.44,3.09,3.09,3.09
82.98,4.66,1.61,4.66,1.61,-1.61,-1.58,-1.50,3.05,3.05,3.05
83.81,4.66,1.67,4.66,1.66,-1.66,-1.63,-1.56,3.00,3.00,2.99
84.65,4.66,1.71,4.66,1.71,-1.71,-1.69,-1.62,2.95,2.95,2.95
85.50,4.67,1.76,4.67,1.76,-1.76,-1.75,-1.68,2.91,2.90,2.91
86.35,4.67,1.81,4.67,1.81,-1.81,-1.80,-1.74,2.85,2.86,2.86
87.22,4.67,1.86,4.67,1.87,-1.87,-1.86,-1.80,2.80,2.81,2.81
88.09,4.68,1.93,4.67,1.92,-1.91,-1.92,-1.87,2.76,2.76,2.75
88.97,4.67,1.96,4.67,1.97,-1.96,-1.98,-1.94,2.70,2.71,2.71
89.86,4.67,2.01,4.67,2.01,-2.01,-2.04,-2.00,2.66,2.66,2.66
90.76,4.67,2.07,4.67,2.06,-2.06,-2.10,-2.07,2.61,2.60,2.60
91.66,4.66,2.11,4.66,2.11,-2.11,-2.16,-2.15,2.55,2.55,2.55
92.58,4.66,2.17,4.66,2.16,-2.16,-2.22,-2.22,2.50,2.50,2.49
93.51,4.65,2.20,4.66,2.21,-2.21,-2.28,-2.29,2.44,2.44,2.45
94.44,4.66,2.26,4.65,2.26,-2.26,-2.34,-2.37,2.40,2.40,2.40
95.39,4.65,2.31,4.65,2.31,-2.31,-2.40,-2.45,2.34,2.34,2.34
96.34,4.64,2.37,4.64,2.36,-2.36,-2.46,-2.52,2.28,2.28,2.27
97.30,4.62,2.40,4.63,2.41,-2.41,-2.52,-2.60,2.21,2.22,2.22
98.28,4.62,2.46,4.62,2.46,-2.46,-2.58,-2.69,2.16,2.15,2.16
99.26,4.61,2.52,4.61,2.51,-2.51,-2.64,-2.77,2.09,2.09,2.09
100.25,4.60,2.56,4.60,2.57,-2.57,-2.71,-2.85,2.03,2.04,2.04
101.25,4.60,2.62,4.60,2.62,-2.62,-2.77,-2.93,1.98,1.98,1.98
102.27,4.59,2.68,4.59,2.68,-2.67,-2.83,-3.02,1.91,1.91,1.91
103.29,4.58,2.74,4.58,2.73,-2.73,-2.89,-3.10,1.85,1.85,1.84
104.32,4.57,2.78,4.57,2.79,-2.79,-2.95,-3.18,1.78,1.79,1.79
105.37,4.57,2.84,4.57,2.84,-2.84,-3.01,-3.27,1.72,1.72,1.73
106.42,4.56,2.90,4.56,2.90,-2.90,-3.07,-3.35,1.66,1.66,1.66
107.48,4.55,2.96,4.55,2.96,-2.96,-3.13,-3.43,1.59,1.59,1.59
108.56,4.55,3.03,4.55,3.03,-3.02,-3.19,-3.51,1.53,1.53,1.52
109.64,4.55,3.09,4.55,3.09,-3.08,-3.25,-3.59,1.46,1.46,1.46
110.74,4.54,3.14,4.54,3.15,-3.15,-3.31,-3.67,1.39,1.39,1.40
111.85,4.54,3.21,4.54,3.21,-3.21,-3.37,-3.74,1.33,1.32,1.33
112.97,4.53,3.28,4.53,3.27,-3.28,-3.42,-3.81,1.25,1.25,1.25
114.10,4.52,3.33,4.53,3.34,-3.34,-3.48,-3.88,1.18,1.19,1.19
115.24,4.53,3.41,4.52,3.41,-3.40,-3.54,-3.95,1.13,1.12,1.12
116.39,4.52,3.47,4.52,3.47,-3.46,-3.59,-4.01,1.06,1.06,1.05
117.55,4.51,3.53,4.51,3.53,-3.52,-3.65,-4.07,0.99,0.99,0.98
118.73,4.50,3.58,4.50,3.58,-3.58,-3.70,-4.12,0.92,0.92,0.92
119.92,4.49,3.63,4.49,3.63,-3.63,-3.76,-4.16,0.86,0.86,0.86
121.12,4.48,3.68,4.48,3.68,-3.68,-3.81,-4.21,0.80,0.80,0.80
122.33,4.47,3.74,4.47,3.73,-3.73,-3.86,-4.24,0.74,0.74,0.73
123.55,4.46,3.78,4.46,3.78,-3.78,-3.91,-4.27,0.68,0.68,0.68
124.79,4.45,3.83,4.45,3.83,-3.83,-3.96,-4.30,0.62,0.62,0.62
126.03,4.44,3.87,4.44,3.87,-3.88,-4.01,-4.32,0.56,0.56,0.57
127.29,4.43,3.92,4.43,3.93,-3.93,-4.06,-4.33,0.50,0.50,0.51
128.57,4.42,3.98,4.42,3.97,-3.97,-4.11,-4.34,0.44,0.45,0.44
129.85,4.42,4.03,4.41,4.02,-4.02,-4.15,-4.35,0.40,0.39,0.39
131.15,4.40,4.06,4.40,4.07,-4.06,-4.20,-4.35,0.34,0.34,0.34
132.46,4.39,4.11,4.39,4.11,-4.11,-4.24,-4.34,0.28,0.29,0.28
133.79,4.38,4.14,4.38,4.15,-4.15,-4.28,-4.33,0.23,0.23,0.24
135.12,4.37,4.19,4.37,4.18,-4.18,-4.32,-4.31,0.19,0.19,0.18
136.48,4.36,4.21,4.36,4.21,-4.22,-4.36,-4.30,0.14,0.14,0.15
137.84,4.35,4.24,4.35,4.25,-4.25,-4.40,-4.27,0.10,0.10,0.11
139.22,4.34,4.28,4.34,4.28,-4.27,-4.43,-4.25,0.06,0.07,0.06
140.61,4.33,4.31,4.33,4.31,-4.30,-4.47,-4.22,0.03,0.03,0.02
142.02,4.33,4.33,4.32,4.33,-4.33,-4.50,-4.19,0.00,-0.01,-0.00
143.44,4.31,4.34,4.31,4.35,-4.35,-4.53,-4.16,-0.04,-0.04,-0.03
144.87,4.30,4.37,4.30,4.37,-4.37,-4.56,-4.13,-0.07,-0.07,-0.07
146.32,4.30,4.40,4.30,4.39,-4.39,-4.59,-4.10,-0.09,-0.10,-0.10
147.78,4.29,4.41,4.29,4.41,-4.41,-4.61,-4.06,-0.12,-0.12,-0.12
149.26,4.28,4.43,4.28,4.43,-4.43,-4.64,-4.03,-0.15,-0.15,-0.15
150.75,4.26,4.45,4.26,4.45,-4.45,-4.66,-4.00,-0.19,-0.18,-0.19
152.26,4.25,4.46,4.25,4.46,-4.46,-4.68,-3.97,-0.21,-0.21,-0.21
153.78,4.24,4.48,4.24,4.48,-4.48,-4.70,-3.93,-0.24,-0.24,-0.24
155.32,4.23,4.49,4.23,4.49,-4.50,-4.71,-3.90,-0.27,-0.27,-0.26
156.88,4.22,4.51,4.22,4.51,-4.51,-4.73,-3.88,-0.29,-0.29,-0.29
158.44,4.20,4.52,4.20,4.52,-4.52,-4.74,-3.85,-0.32,-0.32,-0.32
160.03,4.19,4.54,4.18,4.54,-4.53,-4.75,-3.82,-0.34,-0.35,-0.35
161.63,4.16,4.54,4.17,4.55,-4.54,-4.76,-3.80,-0.38,-0.38,-0.38
163.24,4.15,4.56,4.15,4.55,-4.55,-4.76,-3.78,-0.40,-0.40,-0.41
164.88,4.13,4.56,4.12,4.56,-4.55,-4.77,-3.76,-0.43,-0.43,-0.43
166.53,4.10,4.55,4.10,4.56,-4.56,-4.77,-3.75,-0.46,-0.46,-0.45
168.19,4.07,4.56,4.07,4.56,-4.56,-4.77,-3.74,-0.49,-0.49,-0.49
169.87,4.05,4.57,4.05,4.57,-4.57,-4.76,-3.73,-0.52,-0.52,-0.52
171.57,4.03,4.58,4.03,4.57,-4.58,-4.76,-3.72,-0.55,-0.55,-0.55
173.29,4.00,4.57,4.00,4.58,-4.58,-4.75,-3.71,-0.58,-0.58,-0.57
175.02,3.98,4.59,3.98,4.59,-4.59,-4.74,-3.71,-0.61,-0.62,-0.61
176.77,3.95,4.60,3.95,4.60,-4.60,-4.73,-3.72,-0.65,-0.65,-0.65
178.54,3.93,4.62,3.93,4.62,-4.62,-4.72,-3.72,-0.69,-0.69,-0.69
180.32,3.91,4.63,3.90,4.63,-4.63,-4.71,-3.73,-0.72,-0.72,-0.72
182.13,3.88,4.63,3.88,4.63,-4.64,-4.69,-3.74,-0.76,-0.76,-0.75
183.95,3.85,4.64,3.86,4.65,-4.65,-4.67,-3.75,-0.80,-0.79,-0.79
185.79,3.83,4.66,3.82,4.66,-4.65,-4.65,-3.77,-0.82,-0.83,-0.83
187.65,3.80,4.67,3.79,4.66,-4.65,-4.63,-3.79,-0.85,-0.86,-0.87
189.52,3.75,4.65,3.76,4.66,-4.65,-4.60,-3.81,-0.90,-0.89,-0.90
191.42,3.73,4.65,3.72,4.64,-4.64,-4.58,-3.83,-0.92,-0.92,-0.92
193.33,3.68,4.62,3.68,4.62,-4.63,-4.55,-3.86,-0.96,-0.95,-0.94
195.27,3.64,4.61,3.64,4.61,-4.62,-4.52,-3.89,-0.98,-0.98,-0.97
197.22,3.59,4.59,3.59,4.60,-4.60,-4.49,-3.92,-1.01,-1.01,-1.00
199.19,3.55,4.60,3.55,4.59,-4.58,-4.46,-3.95,-1.03,-1.03,-1.05
201.18,3.50,4.56,3.49,4.56,-4.55,-4.43,-3.99,-1.05,-1.05,-1.06
203.19,3.44,4.52,3.44,4.52,-4.52,-4.39,-4.02,-1.08,-1.08,-1.08
205.23,3.38,4.48,3.38,4.48,-4.48,-4.36,-4.06,-1.11,-1.10,-1.10
207.28,3.33,4.44,3.33,4.44,-4.45,-4.32,-4.10,-1.12,-1.12,-1.11
209.35,3.27,4.41,3.27,4.41,-4.41,-4.28,-4.14,-1.14,-1.14,-1.14
211.44,3.22,4.38,3.22,4.37,-4.37,-4.24,-4.18,-1.15,-1.16,-1.16
213.56,3.16,4.34,3.16,4.33,-4.33,-4.20,-4.22,-1.17,-1.17,-1.18
215.69,3.11,4.29,3.11,4.30,-4.30,-4.16,-4.25,-1.19,-1.19,-1.18
217.85,3.07,4.26,3.07,4.27,-4.27,-4.12,-4.29,-1.20,-1.20,-1.19
220.03,3.03,4.25,3.03,4.24,-4.24,-4.07,-4.33,-1.21,-1.21,-1.22
222.23,3.00,4.23,3.00,4.22,-4.22,-4.03,-4.36,-1.22,-1.22,-1.23
224.45,2.98,4.20,2.98,4.21,-4.21,-3.98,-4.39,-1.23,-1.23,-1.22
226.70,2.97,4.20,2.97,4.20,-4.21,-3.94,-4.42,-1.24,-1.24,-1.23
228.96,2.98,4.21,2.98,4.20,-4.22,-3.89,-4.44,-1.24,-1.24,-1.23
231.25,3.00,4.22,3.00,4.22,-4.24,-3.84,-4.47,-1.24,-1.24,-1.22
233.57,3.03,4.24,3.03,4.25,-4.26,-3.79,-4.48,-1.24,-1.23,-1.21
235.90,3.08,4.29,3.08,4.29,-4.30,-3.74,-4.49,-1.22,-1.22,-1.21
238.26,3.13,4.34,3.13,4.33,-4.33,-3.69,-4.50,-1.20,-1.20,-1.21
240.64,3.17,4.36,3.17,4.36,-4.36,-3.64,-4.50,-1.19,-1.18,-1.19
243.05,3.22,4.39,3.21,4.38,-4.37,-3.59,-4.50,-1.16,-1.16,-1.17
245.48,3.23,4.38,3.24,4.39,-4.38,-3.54,-4.49,-1.15,-1.14,-1.15
247.93,3.25,4.39,3.25,4.39,-4.37,-3.49,-4.47,-1.12,-1.12,-1.14
250.41,3.24,4.37,3.24,4.36,-4.34,-3.44,-4.45,-1.10,-1.10,-1.13
252.92,3.21,4.30,3.21,4.30,-4.29,-3.39,-4.42,-1.08,-1.08,-1.09
255.45,3.15,4.22,3.15,4.23,-4.22,-3.33,-4.39,-1.07,-1.07,-1.07
258.00,3.09,4.14,3.09,4.14,-4.14,-3.28,-4.35,-1.05,-1.05,-1.05
260.58,3.02,4.05,3.01,4.05,-4.04,-3.23,-4.30,-1.03,-1.03,-1.03
263.19,2.93,3.94,2.93,3.94,-3.94,-3.18,-4.25,-1.01,-1.01,-1.01
265.82,2.84,3.83,2.84,3.83,-3.83,-3.12,-4.19,-0.99,-0.99,-0.99
268.48,2.75,3.71,2.75,3.71,-3.72,-3.07,-4.12,-0.97,-0.97,-0.96
271.16,2.67,3.60,2.67,3.60,-3.61,-3.01,-4.05,-0.94,-0.94,-0.93
273.87,2.59,3.50,2.59,3.49,-3.51,-2.96,-3.98,-0.92,-0.92,-0.91
276.61,2.51,3.39,2.51,3.40,-3.41,-2.91,-3.90,-0.90,-0.89,-0.88
279.38,2.45,3.31,2.45,3.31,-3.32,-2.85,-3.82,-0.87,-0.87,-0.86
282.17,2.39,3.23,2.39,3.23,-3.23,-2.80,-3.74,-0.84,-0.84,-0.84
284.99,2.34,3.15,2.34,3.16,-3.16,-2.75,-3.65,-0.82,-0.82,-0.81
287.84,2.30,3.09,2.30,3.09,-3.09,-2.69,-3.56,-0.79,-0.79,-0.79
290.72,2.27,3.02,2.27,3.02,-3.02,-2.64,-3.47,-0.75,-0.76,-0.75
293.63,2.23,2.96,2.23,2.96,-2.96,-2.58,-3.37,-0.73,-0.73,-0.73
296.57,2.20,2.90,2.20,2.90,-2.89,-2.53,-3.28,-0.69,-0.69,-0.70
299.53,2.16,2.83,2.16,2.83,-2.82,-2.48,-3.18,-0.66,-0.67,-0.67
302.53,2.12,2.77,2.12,2.76,-2.75,-2.42,-3.09,-0.63,-0.63,-0.65
305.55,2.07,2.67,2.07,2.68,-2.67,-2.37,-2.99,-0.61,-0.60,-0.60
308.61,2.03,2.60,2.03,2.60,-2.59,-2.32,-2.89,-0.56,-0.57,-0.57
311.69,1.98,2.51,1.98,2.51,-2.51,-2.26,-2.79,-0.53,-0.53,-0.53
314.81,1.92,2.42,1.92,2.42,-2.42,-2.21,-2.70,-0.50,-0.50,-0.50
317.96,1.86,2.33,1.86,2.33,-2.33,-2.16,-2.60,-0.47,-0.47,-0.47
321.14,1.80,2.24,1.80,2.24,-2.24,-2.10,-2.50,-0.44,-0.44,-0.44
324.35,1.74,2.16,1.74,2.15,-2.15,-2.05,-2.41,-0.42,-0.42,-0.42
327.59,1.68,2.06,1.68,2.06,-2.07,-2.00,-2.31,-0.39,-0.39,-0.38
330.87,1.63,1.98,1.63,1.98,-1.99,-1.95,-2.22,-0.36,-0.36,-0.35
334.18,1.57,1.90,1.57,1.90,-1.91,-1.89,-2.13,-0.34,-0.33,-0.33
337.52,1.53,1.84,1.52,1.83,-1.83,-1.84,-2.04,-0.30,-0.31,-0.31
340.90,1.47,1.75,1.47,1.75,-1.76,-1.79,-1.95,-0.29,-0.29,-0.28
344.30,1.42,1.68,1.42,1.68,-1.68,-1.74,-1.86,-0.27,-0.26,-0.26
347.75,1.37,1.60,1.38,1.61,-1.61,-1.69,-1.77,-0.24,-0.23,-0.23
351.23,1.34,1.55,1.33,1.55,-1.53,-1.64,-1.69,-0.19,-0.20,-0.21
354.74,1.29,1.49,1.28,1.47,-1.45,-1.59,-1.60,-0.16,-0.18,-0.20
358.28,1.20,1.38,1.21,1.39,-1.37,-1.53,-1.52,-0.17,-0.17,-0.18
361.87,1.13,1.29,1.13,1.29,-1.29,-1.48,-1.44,-0.16,-0.16,-0.16
365.49,1.06,1.19,1.06,1.20,-1.21,-1.43,-1.36,-0.15,-0.15,-0.13
369.14,1.00,1.12,1.00,1.12,-1.13,-1.38,-1.28,-0.14,-0.13,-0.12
372.83,0.95,1.06,0.95,1.05,-1.06,-1.33,-1.20,-0.11,-0.11,-0.11
376.56,0.90,0.99,0.90,0.99,-0.98,-1.28,-1.12,-0.08,-0.08,-0.09
380.33,0.85,0.91,0.85,0.92,-0.91,-1.23,-1.04,-0.06,-0.06,-0.06
384.13,0.82,0.86,0.81,0.85,-0.85,-1.18,-0.97,-0.03,-0.04,-0.04
387.97,0.77,0.79,0.77,0.79,-0.80,-1.13,-0.90,-0.03,-0.02,-0.02
391.85,0.74,0.74,0.74,0.74,-0.74,-1.08,-0.82,-0.00,-0.00,-0.00
395.77,0.71,0.68,0.71,0.69,-0.69,-1.03,-0.75,0.02,0.02,0.03
399.73,0.69,0.64,0.69,0.64,-0.64,-0.98,-0.68,0.05,0.04,0.05
403.72,0.67,0.61,0.66,0.60,-0.60,-0.93,-0.61,0.07,0.06,0.06
407.76,0.64,0.56,0.64,0.56,-0.56,-0.88,-0.54,0.08,0.08,0.08
411.84,0.62,0.51,0.63,0.52,-0.52,-0.84,-0.48,0.10,0.11,0.11
415.96,0.62,0.49,0.61,0.48,-0.48,-0.79,-0.41,0.14,0.13,0.13
420.12,0.60,0.45,0.60,0.44,-0.44,-0.74,-0.35,0.16,0.16,0.15
424.32,0.58,0.40,0.58,0.41,-0.40,-0.69,-0.28,0.18,0.18,0.18
428.56,0.56,0.36,0.56,0.36,-0.36,-0.64,-0.22,0.20,0.20,0.20
432.85,0.54,0.32,0.54,0.32,-0.32,-0.59,-0.16,0.22,0.23,0.22
437.18,0.53,0.28,0.52,0.27,-0.28,-0.54,-0.10,0.25,0.24,0.25
441.55,0.51,0.23,0.51,0.23,-0.24,-0.49,-0.04,0.27,0.26,0.28
445.96,0.48,0.18,0.49,0.19,-0.20,-0.44,0.01,0.27,0.29,0.30
450.42,0.49,0.18,0.48,0.16,-0.17,-0.39,0.07,0.32,0.31,0.31
454.93,0.48,0.13,0.48,0.14,-0.13,-0.34,0.12,0.35,0.35,0.35
459.48,0.48,0.11,0.48,0.11,-0.10,-0.30,0.17,0.38,0.38,0.37
464.07,0.47,0.07,0.47,0.06,-0.06,-0.25,0.22,0.41,0.41,0.40
468.71,0.45,0.01,0.45,0.02,-0.02,-0.20,0.27,0.43,0.44,0.44
473.40,0.44,-0.02,0.44,-0.03,0.02,-0.15,0.32,0.46,0.46,0.46
478.13,0.42,-0.07,0.42,-0.07,0.07,-0.10,0.36,0.49,0.49,0.49
482.91,0.40,-0.12,0.40,-0.12,0.12,-0.05,0.41,0.52,0.52,0.52
487.74,0.38,-0.17,0.38,-0.17,0.17,0.00,0.45,0.55,0.55,0.55
492.62,0.36,-0.22,0.36,-0.22,0.22,0.05,0.49,0.58,0.58,0.58
497.55,0.34,-0.26,0.34,-0.27,0.27,0.10,0.53,0.61,0.61,0.60
502.52,0.31,-0.33,0.31,-0.32,0.32,0.15,0.57,0.63,0.63,0.64
507.55,0.29,-0.37,0.29,-0.37,0.37,0.20,0.60,0.66,0.66,0.66
512.62,0.27,-0.42,0.27,-0.42,0.42,0.26,0.63,0.69,0.69,0.69
517.75,0.26,-0.46,0.25,-0.47,0.46,0.31,0.67,0.72,0.72,0.72
522.93,0.23,-0.52,0.24,-0.51,0.51,0.36,0.70,0.74,0.74,0.75
528.16,0.22,-0.55,0.22,-0.55,0.55,0.41,0.73,0.77,0.77,0.77
533.44,0.22,-0.58,0.21,-0.59,0.59,0.46,0.75,0.81,0.80,0.80
538.77,0.20,-0.63,0.20,-0.63,0.62,0.52,0.78,0.82,0.83,0.83
544.16,0.20,-0.66,0.20,-0.66,0.66,0.57,0.81,0.86,0.86,0.86
549.60,0.19,-0.70,0.19,-0.69,0.69,0.62,0.83,0.88,0.88,0.89
555.10,0.19,-0.71,0.19,-0.72,0.72,0.68,0.85,0.91,0.91,0.90
560.65,0.18,-0.76,0.18,-0.76,0.76,0.73,0.88,0.94,0.94,0.94
566.25,0.17,-0.80,0.17,-0.79,0.79,0.79,0.90,0.96,0.96,0.97
571.92,0.17,-0.82,0.17,-0.83,0.83,0.84,0.92,0.99,0.99,0.99
577.64,0.16,-0.86,0.16,-0.86,0.86,0.90,0.94,1.02,1.02,1.02
583.41,0.15,-0.90,0.15,-0.90,0.90,0.96,0.97,1.05,1.06,1.05
589.25,0.15,-0.94,0.14,-0.94,0.95,1.02,0.99,1.09,1.09,1.09
595.14,0.13,-0.99,0.13,-0.99,0.99,1.07,1.01,1.12,1.12,1.12
601.09,0.12,-1.03,0.12,-1.04,1.04,1.13,1.03,1.16,1.16,1.15
607.10,0.10,-1.09,0.10,-1.09,1.09,1.19,1.05,1.19,1.19,1.19
613.17,0.08,-1.15,0.08,-1.15,1.14,1.25,1.08,1.22,1.22,1.23
619.30,0.06,-1.20,0.06,-1.20,1.20,1.31,1.10,1.25,1.26,1.26
625.50,0.05,-1.25,0.04,-1.25,1.25,1.37,1.12,1.30,1.29,1.30
631.75,0.02,-1.30,0.02,-1.30,1.30,1.43,1.15,1.32,1.32,1.32
638.07,-0.00,-1.36,0.00,-1.35,1.35,1.49,1.17,1.35,1.36,1.36
644.45,-0.02,-1.40,-0.02,-1.41,1.41,1.55,1.20,1.38,1.38,1.38
650.89,-0.04,-1.46,-0.04,-1.46,1.46,1.61,1.22,1.42,1.41,1.42
657.40,-0.07,-1.51,-0.07,-1.51,1.51,1.67,1.25,1.44,1.44,1.44
663.98,-0.10,-1.57,-0.09,-1.56,1.56,1.73,1.28,1.46,1.47,1.47
670.62,-0.12,-1.61,-0.12,-1.61,1.62,1.79,1.31,1.50,1.49,1.49
677.32,-0.15,-1.66,-0.16,-1.67,1.67,1.85,1.34,1.52,1.52,1.51
684.10,-0.20,-1.73,-0.20,-1.73,1.73,1.91,1.37,1.53,1.54,1.53
690.94,-0.24,-1.80,-0.24,-1.79,1.79,1.96,1.40,1.55,1.55,1.56
697.85,-0.29,-1.86,-0.29,-1.86,1.86,2.02,1.43,1.57,1.57,1.57
704.83,-0.34,-1.93,-0.34,-1.93,1.93,2.07,1.47,1.59,1.59,1.59
711.87,-0.40,-2.01,-0.40,-2.00,2.01,2.12,1.50,1.61,1.61,1.61
718.99,-0.45,-2.07,-0.46,-2.08,2.09,2.16,1.54,1.64,1.63,1.62
726.18,-0.52,-2.16,-0.52,-2.16,2.17,2.21,1.58,1.65,1.65,1.64
733.44,-0.59,-2.25,-0.59,-2.25,2.26,2.24,1.62,1.67,1.67,1.66
740.78,-0.65,-2.34,-0.65,-2.34,2.35,2.28,1.66,1.70,1.69,1.69
748.19,-0.72,-2.43,-0.72,-2.42,2.43,2.30,1.70,1.71,1.71,1.71
755.67,-0.77,-2.49,-0.78,-2.50,2.50,2.33,1.74,1.73,1.73,1.72
763.23,-0.83,-2.57,-0.83,-2.57,2.57,2.34,1.79,1.73,1.74,1.74
770.86,-0.86,-2.62,-0.86,-2.62,2.61,2.35,1.83,1.75,1.75,1.76
778.57,-0.86,-2.64,-0.86,-2.64,2.62,2.35,1.88,1.76,1.76,1.78
786.35,-0.84,-2.64,-0.84,-2.64,2.61,2.34,1.93,1.77,1.77,1.80
794.22,-0.79,-2.60,-0.79,-2.60,2.57,2.33,1.97,1.78,1.78,1.81
802.16,-0.70,-2.53,-0.70,-2.53,2.50,2.31,2.02,1.80,1.80,1.83
810.18,-0.59,-2.43,-0.59,-2.42,2.41,2.28,2.07,1.82,1.82,1.84
818.28,-0.45,-2.29,-0.45,-2.30,2.29,2.24,2.12,1.84,1.84,1.84
826.46,-0.31,-2.17,-0.31,-2.17,2.17,2.20,2.17,1.86,1.86,1.86
834.73,-0.18,-2.03,-0.17,-2.03,2.04,2.15,2.22,1.86,1.87,1.85
843.08,-0.04,-1.90,-0.05,-1.90,1.92,2.09,2.27,1.88,1.88,1.86
851.51,0.07,-1.78,0.07,-1.79,1.81,2.02,2.32,1.88,1.88,1.85
860.02,0.16,-1.70,0.16,-1.70,1.72,1.96,2.37,1.88,1.88,1.86
868.62,0.23,-1.62,0.23,-1.62,1.64,1.88,2.42,1.87,1.87,1.85
877.31,0.27,-1.58,0.27,-1.58,1.59,1.81,2.47,1.86,1.86,1.85
886.08,0.30,-1.54,0.30,-1.54,1.55,1.74,2.51,1.85,1.85,1.84
894.94,0.31,-1.53,0.31,-1.53,1.52,1.67,2.56,1.83,1.83,1.84
903.89,0.31,-1.52,0.31,-1.52,1.51,1.60,2.60,1.82,1.82,1.83
912.93,0.30,-1.52,0.30,-1.52,1.51,1.55,2.64,1.81,1.81,1.82
922.06,0.29,-1.53,0.29,-1.53,1.52,1.50,2.68,1.81,1.80,1.82
931.28,0.27,-1.53,0.27,-1.53,1.53,1.47,2.72,1.80,1.80,1.80
940.59,0.25,-1.55,0.25,-1.54,1.55,1.45,2.76,1.80,1.80,1.80
950.00,0.23,-1.56,0.22,-1.57,1.57,1.44,2.79,1.80,1.80,1.79
959.50,0.19,-1.60,0.19,-1.60,1.60,1.46,2.82,1.79,1.79,1.79
969.09,0.15,-1.65,0.15,-1.64,1.64,1.49,2.85,1.79,1.79,1.80
978.78,0.11,-1.68,0.11,-1.68,1.68,1.53,2.87,1.79,1.79,1.79
988.57,0.07,-1.72,0.06,-1.73,1.73,1.60,2.89,1.80,1.79,1.79
998.46,0.01,-1.78,0.01,-1.78,1.79,1.67,2.91,1.80,1.80,1.79
1008.44,-0.05,-1.85,-0.05,-1.84,1.85,1.76,2.93,1.80,1.80,1.80
1018.53,-0.11,-1.91,-0.11,-1.92,1.91,1.86,2.94,1.80,1.80,1.80
1028.71,-0.18,-1.99,-0.18,-1.99,1.98,1.96,2.95,1.80,1.80,1.81
1039.00,-0.25,-2.06,-0.25,-2.06,2.05,2.07,2.95,1.80,1.81,1.81
1049.39,-0.32,-2.13,-0.32,-2.13,2.13,2.18,2.96,1.81,1.81,1.81
1059.88,-0.38,-2.20,-0.39,-2.21,2.20,2.29,2.96,1.82,1.82,1.82
1070.48,-0.45,-2.29,-0.45,-2.28,2.28,2.40,2.96,1.83,1.83,1.84
1081.19,-0.51,-2.36,-0.51,-2.36,2.36,2.50,2.95,1.85,1.85,1.85
1092.00,-0.56,-2.43,-0.57,-2.44,2.44,2.61,2.95,1.88,1.87,1.87
1102.92,-0.62,-2.52,-0.62,-2.52,2.52,2.71,2.94,1.90,1.90,1.90
1113.95,-0.68,-2.60,-0.68,-2.60,2.61,2.81,2.93,1.93,1.93,1.92
1125.09,-0.73,-2.69,-0.73,-2.69,2.70,2.90,2.92,1.97,1.97,1.96
1136.34,-0.78,-2.78,-0.78,-2.79,2.79,2.99,2.90,2.01,2.01,2.00
1147.70,-0.83,-2.89,-0.83,-2.89,2.88,3.08,2.89,2.05,2.05,2.06
1159.18,-0.88,-2.99,-0.88,-2.99,2.98,3.16,2.88,2.10,2.10,2.11
1170.77,-0.92,-3.08,-0.92,-3.08,3.08,3.24,2.87,2.16,2.16,2.16
1182.48,-0.95,-3.18,-0.95,-3.18,3.18,3.31,2.85,2.23,2.23,2.23
1194.30,-0.98,-3.27,-0.98,-3.28,3.28,3.38,2.84,2.30,2.30,2.29
1206.25,-1.01,-3.38,-1.01,-3.37,3.38,3.45,2.83,2.37,2.37,2.37
1218.31,-1.02,-3.47,-1.03,-3.47,3.47,3.51,2.81,2.45,2.44,2.45
1230.49,-1.04,-3.57,-1.04,-3.57,3.56,3.57,2.80,2.52,2.52,2.53
1242.80,-1.05,-3.66,-1.04,-3.66,3.65,3.62,2.79,2.60,2.61,2.61
1255.22,-1.04,-3.74,-1.04,-3.74,3.74,3.67,2.78,2.70,2.70,2.70
1267.78,-1.03,-3.82,-1.03,-3.82,3.82,3.72,2.78,2.79,2.79,2.79
1280.45,-1.02,-3.90,-1.02,-3.90,3.90,3.77,2.77,2.88,2.89,2.88
1293.26,-1.00,-3.98,-1.00,-3.98,3.98,3.81,2.77,2.98,2.98,2.98
1306.19,-0.98,-4.05,-0.98,-4.05,4.06,3.85,2.76,3.08,3.08,3.07
1319.25,-0.96,-4.13,-0.96,-4.13,4.13,3.89,2.76,3.17,3.17,3.17
1332.45,-0.92,-4.19,-0.93,-4.19,4.20,3.92,2.76,3.27,3.27,3.27
1345.77,-0.90,-4.26,-0.90,-4.26,4.26,3.95,2.77,3.36,3.36,3.36
1359.23,-0.86,-4.32,-0.86,-4.32,4.32,3.98,2.77,3.46,3.46,3.46
1372.82,-0.82,-4.38,-0.82,-4.38,4.37,4.01,2.78,3.55,3.55,3.56
1386.55,-0.78,-4.42,-0.78,-4.42,4.42,4.03,2.79,3.63,3.64,3.64
1400.41,-0.73,-4.46,-0.73,-4.46,4.45,4.05,2.80,3.72,3.72,3.73
1414.42,-0.68,-4.49,-0.68,-4.49,4.48,4.07,2.82,3.80,3.81,3.81
1428.56,-0.62,-4.52,-0.62,-4.52,4.51,4.09,2.83,3.89,3.89,3.90
1442.85,-0.56,-4.54,-0.56,-4.54,4.53,4.10,2.85,3.97,3.97,3.98
1457.28,-0.50,-4.55,-0.50,-4.55,4.56,4.11,2.87,4.06,4.06,4.05
1471.85,-0.44,-4.57,-0.44,-4.57,4.59,4.12,2.90,4.15,4.15,4.13
1486.57,-0.39,-4.60,-0.39,-4.60,4.63,4.13,2.92,4.24,4.24,4.21
1501.43,-0.33,-4.63,-0.33,-4.64,4.67,4.13,2.95,4.34,4.34,4.30
1516.45,-0.28,-4.68,-0.28,-4.68,4.71,4.13,2.98,4.43,4.43,4.40
1531.61,-0.23,-4.73,-0.23,-4.73,4.74,4.13,3.01,4.51,4.51,4.50
1546.93,-0.17,-4.77,-0.17,-4.78,4.76,4.13,3.04,4.59,4.59,4.60
1562.40,-0.08,-4.80,-0.08,-4.79,4.75,4.13,3.08,4.67,4.68,4.72
1578.02,0.06,-4.77,0.06,-4.76,4.71,4.12,3.12,4.77,4.77,4.83
1593.80,0.25,-4.68,0.26,-4.68,4.63,4.11,3.15,4.88,4.89,4.93
1609.74,0.50,-4.56,0.50,-4.55,4.51,4.10,3.19,5.01,5.01,5.06
1625.84,0.80,-4.38,0.80,-4.39,4.35,4.09,3.24,5.15,5.15,5.18
1642.10,1.12,-4.19,1.12,-4.19,4.17,4.08,3.28,5.28,5.29,5.31
1658.52,1.47,-3.97,1.47,-3.97,3.96,4.06,3.32,5.43,5.43,5.44
1675.10,1.82,-3.74,1.82,-3.74,3.76,4.04,3.37,5.58,5.58,5.56
1691.85,2.16,-3.52,2.16,-3.52,3.56,4.03,3.41,5.72,5.72,5.68
1708.77,2.48,-3.33,2.47,-3.34,3.39,4.00,3.45,5.87,5.86,5.81
1725.86,2.74,-3.20,2.74,-3.20,3.25,3.98,3.50,5.99,5.99,5.94
1743.12,2.96,-3.11,2.96,-3.11,3.15,3.96,3.54,6.10,6.11,6.07
1760.55,3.15,-3.05,3.14,-3.06,3.07,3.93,3.58,6.22,6.21,6.20
1778.15,3.29,-3.04,3.30,-3.03,3.03,3.90,3.63,6.32,6.33,6.33
1795.94,3.43,-3.02,3.43,-3.02,3.01,3.88,3.67,6.44,6.44,6.45
1813.90,3.56,-3.02,3.56,-3.03,3.01,3.85,3.71,6.57,6.57,6.58
1832.03,3.68,-3.04,3.68,-3.03,3.02,3.81,3.74,6.70,6.70,6.72
1850.36,3.81,-3.05,3.81,-3.05,3.03,3.78,3.78,6.84,6.84,6.86
1868.86,3.93,-3.06,3.93,-3.06,3.05,3.75,3.81,6.98,6.98,6.99
1887.55,4.06,-3.07,4.06,-3.07,3.07,3.72,3.84,7.13,7.13,7.13
1906.42,4.19,-3.08,4.19,-3.08,3.09,3.68,3.86,7.28,7.28,7.27
1925.49,4.32,-3.09,4.32,-3.10,3.10,3.65,3.88,7.42,7.42,7.41
1944.74,4.44,-3.12,4.44,-3.12,3.12,3.61,3.90,7.56,7.56,7.56
1964.19,4.57,-3.14,4.57,-3.14,3.13,3.57,3.92,7.70,7.70,7.71
1983.83,4.70,-3.14,4.70,-3.14,3.13,3.54,3.93,7.83,7.83,7.84
2003.67,4.83,-3.15,4.83,-3.14,3.13,3.50,3.93,7.96,7.96,7.98
2023.71,4.96,-3.13,4.96,-3.14,3.13,3.46,3.94,8.09,8.09,8.09
2043.94,5.08,-3.13,5.08,-3.13,3.13,3.42,3.94,8.20,8.21,8.21
2064.38,5.21,-3.11,5.20,-3.11,3.12,3.38,3.93,8.33,8.32,8.32
2085.03,5.32,-3.10,5.32,-3.10,3.11,3.35,3.92,8.42,8.43,8.42
2105.88,5.44,-3.09,5.44,-3.09,3.10,3.31,3.91,8.53,8.53,8.53
2126.94,5.55,-3.08,5.55,-3.08,3.09,3.27,3.89,8.64,8.64,8.63
2148.20,5.66,-3.08,5.66,-3.08,3.08,3.23,3.87,8.74,8.74,8.74
2169.69,5.76,-3.08,5.76,-3.08,3.08,3.20,3.85,8.84,8.84,8.84
2191.38,5.86,-3.07,5.86,-3.08,3.08,3.16,3.83,8.94,8.93,8.93
2213.30,5.95,-3.08,5.95,-3.08,3.08,3.13,3.80,9.03,9.03,9.03
2235.43,6.05,-3.08,6.05,-3.08,3.08,3.10,3.77,9.13,9.13,9.13
2257.78,6.15,-3.08,6.14,-3.08,3.09,3.06,3.74,9.23,9.23,9.23
2280.36,6.24,-3.08,6.24,-3.08,3.09,3.03,3.71,9.33,9.33,9.32
2303.17,6.33,-3.08,6.34,-3.08,3.08,3.00,3.68,9.41,9.42,9.41
2326.20,6.44,-3.07,6.43,-3.08,3.07,2.97,3.65,9.51,9.50,9.51
2349.46,6.53,-3.07,6.53,-3.06,3.06,2.95,3.61,9.58,9.59,9.60
2372.95,6.64,-3.04,6.64,-3.04,3.03,2.93,3.58,9.67,9.67,9.68
2396.68,6.75,-3.00,6.75,-3.00,2.99,2.90,3.55,9.74,9.73,9.75
2420.65,6.86,-2.95,6.86,-2.95,2.94,2.88,3.52,9.80,9.80,9.81
2444.86,6.99,-2.88,6.99,-2.88,2.87,2.87,3.49,9.86,9.86,9.87
2469.31,7.12,-2.81,7.12,-2.81,2.80,2.85,3.46,9.92,9.92,9.93
2494.00,7.26,-2.73,7.26,-2.73,2.72,2.84,3.43,9.98,9.98,9.99
2518.94,7.39,-2.65,7.39,-2.64,2.64,2.84,3.41,10.03,10.03,10.04
2544.13,7.52,-2.56,7.52,-2.56,2.56,2.83,3.38,10.08,10.09,10.08
2569.57,7.64,-2.48,7.64,-2.48,2.50,2.83,3.36,10.14,10.14,10.12
2595.27,7.75,-2.43,7.74,-2.43,2.45,2.84,3.34,10.20,10.19,10.18
2621.22,7.83,-2.39,7.83,-2.40,2.41,2.85,3.33,10.24,10.24,10.22
2647.43,7.88,-2.39,7.88,-2.39,2.40,2.86,3.31,10.28,10.28,10.27
2673.90,7.92,-2.40,7.92,-2.40,2.40,2.88,3.30,10.32,10.32,10.32
2700.64,7.93,-2.43,7.93,-2.43,2.43,2.91,3.29,10.36,10.36,10.36
2727.65,7.92,-2.49,7.93,-2.48,2.48,2.94,3.28,10.40,10.41,10.41
2754.93,7.91,-2.54,7.90,-2.55,2.54,2.98,3.28,10.45,10.45,10.45
2782.48,7.87,-2.63,7.87,-2.63,2.63,3.03,3.28,10.50,10.49,10.50
2810.30,7.81,-2.73,7.81,-2.72,2.72,3.08,3.28,10.53,10.54,10.54
2838.40,7.74,-2.84,7.74,-2.84,2.84,3.14,3.28,10.57,10.58,10.58
2866.79,7.66,-2.95,7.65,-2.96,2.96,3.21,3.29,10.62,10.61,10.61
2895.46,7.54,-3.11,7.54,-3.10,3.11,3.29,3.30,10.64,10.65,10.65
2924.41,7.41,-3.26,7.41,-3.26,3.26,3.38,3.31,10.67,10.68,10.67
2953.65,7.27,-3.43,7.26,-3.44,3.43,3.49,3.33,10.70,10.70,10.70
2983.19,7.10,-3.62,7.10,-3.62,3.62,3.60,3.35,10.72,10.72,10.72
3013.02,6.91,-3.83,6.92,-3.82,3.82,3.72,3.37,10.73,10.74,10.74
3043.15,6.72,-4.03,6.71,-4.04,4.04,3.86,3.39,10.76,10.75,10.75
3073.58,6.49,-4.26,6.49,-4.26,4.27,4.01,3.42,10.76,10.76,10.75
3104.32,6.25,-4.50,6.25,-4.50,4.51,4.18,3.45,10.76,10.76,10.75
3135.36,5.99,-4.75,5.98,-4.75,4.76,4.36,3.48,10.75,10.75,10.74
3166.72,5.70,-5.02,5.70,-5.01,5.02,4.55,3.51,10.72,10.73,10.72
3198.38,5.41,-5.26,5.41,-5.27,5.28,4.77,3.55,10.69,10.69,10.67
3230.37,5.11,-5.53,5.11,-5.53,5.54,4.99,3.58,10.65,10.65,10.64
3262.67,4.81,-5.78,4.81,-5.78,5.78,5.23,3.62,10.59,10.59,10.59
3295.30,4.54,-6.01,4.53,-6.01,6.00,5.49,3.66,10.54,10.53,10.55
3328.25,4.28,-6.22,4.28,-6.22,6.19,5.76,3.70,10.47,10.47,10.50
3361.53,4.06,-6.39,4.07,-6.38,6.35,6.03,3.74,10.41,10.41,10.45
3395.15,3.89,-6.50,3.89,-6.50,6.47,6.31,3.78,10.36,10.35,10.39
3429.10,3.75,-6.58,3.75,-6.57,6.54,6.60,3.81,10.29,10.30,10.33
3463.39,3.65,-6.60,3.65,-6.61,6.58,6.87,3.85,10.23,10.23,10.25
3498.03,3.58,-6.61,3.58,-6.61,6.59,7.13,3.89,10.17,10.17,10.19
3533.01,3.53,-6.60,3.53,-6.59,6.57,7.36,3.92,10.10,10.10,10.13
3568.34,3.50,-6.55,3.50,-6.55,6.54,7.55,3.96,10.04,10.04,10.05
3604.02,3.46,-6.50,3.46,-6.50,6.53,7.69,3.98,9.99,9.99,9.96
3640.06,3.40,-6.47,3.40,-6.47,6.55,7.77,4.01,9.95,9.95,9.87
3676.46,3.32,-6.46,3.31,-6.47,6.59,7.77,4.03,9.91,9.90,9.78
3713.22,3.18,-6.51,3.18,-6.51,6.64,7.70,4.05,9.82,9.82,9.69
3750.36,2.99,-6.61,2.99,-6.60,6.68,7.56,4.06,9.67,9.67,9.60
3787.86,2.77,-6.71,2.76,-6.73,6.71,7.35,4.07,9.48,9.46,9.48
3825.74,2.50,-6.88,2.51,-6.87,6.70,7.07,4.06,9.20,9.20,9.38
3864.00,2.26,-7.01,2.25,-7.01,6.64,6.75,4.06,8.90,8.90,9.27
3902.64,2.04,-7.12,2.04,-7.12,6.54,6.39,4.04,8.58,8.58,9.16
3941.66,1.88,-7.18,1.90,-7.16,6.39,6.00,4.02,8.27,8.28,9.06
3981.08,1.84,-7.12,1.83,-7.12,6.18,5.60,3.99,8.02,8.01,8.96
4020.89,1.87,-6.97,1.88,-6.96,5.93,5.20,3.95,7.80,7.81,8.84
4061.10,2.01,-6.71,2.02,-6.70,5.65,4.79,3.91,7.66,7.67,8.72
4101.71,2.24,-6.36,2.24,-6.36,5.36,4.40,3.85,7.60,7.60,8.60
4142.73,2.52,-5.97,2.52,-5.97,5.08,4.01,3.79,7.60,7.60,8.49
4184.15,2.83,-5.55,2.82,-5.56,4.82,3.63,3.72,7.65,7.64,8.38
4226.00,3.11,-5.16,3.11,-5.15,4.56,3.27,3.65,7.67,7.68,8.27
4268.26,3.38,-4.77,3.38,-4.77,4.31,2.92,3.57,7.69,7.68,8.15
4310.94,3.62,-4.40,3.61,-4.42,4.05,2.58,3.48,7.67,7.65,8.02
4354.05,3.80,-4.10,3.80,-4.10,3.80,2.26,3.38,7.60,7.60,7.90
4397.59,3.97,-3.81,3.97,-3.80,3.55,1.95,3.28,7.52,7.52,7.78
4441.56,4.13,-3.52,4.13,-3.52,3.30,1.66,3.17,7.43,7.43,7.65
4485.98,4.30,-3.22,4.30,-3.22,3.04,1.37,3.06,7.34,7.33,7.52
4530.84,4.47,-2.92,4.47,-2.92,2.77,1.10,2.94,7.23,7.24,7.39
4576.15,4.66,-2.59,4.66,-2.59,2.48,0.84,2.82,7.14,7.14,7.25
4621.91,4.87,-2.24,4.87,-2.24,2.17,0.58,2.70,7.04,7.04,7.11
4668.13,5.09,-1.87,5.09,-1.87,1.84,0.33,2.58,6.93,6.93,6.96
4714.81,5.32,-1.49,5.32,-1.50,1.49,0.09,2.45,6.81,6.81,6.81
4761.96,5.55,-1.11,5.55,-1.10,1.12,-0.16,2.32,6.67,6.67,6.66
4809.58,5.79,-0.70,5.79,-0.70,0.72,-0.40,2.18,6.51,6.51,6.49
4857.67,6.04,-0.27,6.03,-0.28,0.29,-0.64,2.05,6.33,6.32,6.31
4906.25,6.29,0.16,6.29,0.17,-0.16,-0.89,1.92,6.13,6.13,6.13
4955.31,6.56,0.63,6.56,0.63,-0.64,-1.14,1.78,5.92,5.92,5.93
5004.87,6.86,1.12,6.85,1.11,-1.13,-1.41,1.64,5.73,5.72,5.74
5054.91,7.16,1.61,7.17,1.62,-1.65,-1.70,1.51,5.51,5.51,5.55
5105.46,7.51,2.16,7.51,2.16,-2.20,-2.00,1.37,5.31,5.31,5.35
5156.52,7.87,2.72,7.87,2.72,-2.76,-2.34,1.23,5.11,5.11,5.15
5208.08,8.24,3.29,8.24,3.30,-3.33,-2.71,1.09,4.91,4.92,4.95
5260.16,8.62,3.87,8.62,3.87,-3.89,-3.12,0.95,4.73,4.73,4.75
5312.77,8.99,4.44,8.98,4.43,-4.44,-3.59,0.82,4.55,4.55,4.55
5365.89,9.32,4.96,9.33,4.96,-4.94,-4.12,0.68,4.37,4.38,4.36
5419.55,9.63,5.44,9.62,5.42,-5.40,-4.70,0.54,4.23,4.22,4.19
5473.75,9.86,5.82,9.86,5.82,-5.77,-5.31,0.40,4.09,4.08,4.04
5528.49,10.02,6.12,10.02,6.12,-6.06,-5.92,0.26,3.96,3.96,3.90
5583.77,10.13,6.35,10.11,6.31,-6.25,-6.43,0.12,3.88,3.86,3.78
5639.61,10.12,6.41,10.12,6.41,-6.33,-6.75,-0.02,3.79,3.79,3.71
5696.00,10.06,6.41,10.05,6.39,-6.32,-6.81,-0.16,3.73,3.73,3.65
5752.96,9.94,6.30,9.92,6.27,-6.23,-6.60,-0.30,3.71,3.69,3.64
5810.49,9.75,6.10,9.74,6.07,-6.07,-6.21,-0.44,3.68,3.67,3.65
5868.60,9.53,5.84,9.52,5.80,-5.86,-5.74,-0.59,3.67,3.66,3.69
5927.28,9.27,5.51,9.26,5.47,-5.61,-5.26,-0.73,3.65,3.65,3.76
5986.56,9.00,5.15,8.99,5.11,-5.35,-4.83,-0.87,3.65,3.64,3.85
6046.42,8.71,4.77,8.72,4.72,-5.07,-4.46,-1.02,3.64,3.64,3.94
6106.89,8.44,4.39,8.45,4.33,-4.80,-4.15,-1.17,3.64,3.65,4.05
6167.96,8.17,4.00,8.20,3.95,-4.53,-3.89,-1.31,3.64,3.67,4.17
6229.64,7.93,3.63,7.98,3.59,-4.27,-3.68,-1.46,3.66,3.72,4.30
6291.93,7.71,3.28,7.80,3.24,-4.01,-3.51,-1.61,3.70,3.79,4.43
6354.85,7.52,2.94,7.66,2.93,-3.74,-3.38,-1.76,3.78,3.92,4.58
6418.40,7.36,2.63,7.55,2.65,-3.45,-3.27,-1.91,3.91,4.10,4.73
6482.58,7.23,2.35,7.50,2.42,-3.17,-3.18,-2.06,4.06,4.33,4.88
6547.41,7.12,2.10,7.49,2.24,-2.90,-3.11,-2.21,4.22,4.59,5.02
6612.88,7.05,1.90,7.53,2.11,-2.67,-3.05,-2.37,4.38,4.86,5.15
6679.01,7.01,1.73,7.62,2.04,-2.48,-3.01,-2.52,4.53,5.14,5.28
6745.80,7.00,1.61,7.76,2.04,-2.35,-2.97,-2.67,4.65,5.41,5.39
6813.26,7.05,1.57,7.94,2.09,-2.28,-2.94,-2.83,4.77,5.65,5.48
6881.39,7.14,1.59,8.14,2.19,-2.27,-2.91,-2.98,4.87,5.87,5.55
6950.21,7.27,1.65,8.36,2.31,-2.32,-2.89,-3.13,4.95,6.04,5.62
7019.71,7.47,1.79,8.57,2.45,-2.41,-2.88,-3.27,5.06,6.16,5.68
7089.91,7.73,1.99,8.77,2.60,-2.54,-2.87,-3.42,5.19,6.23,5.74
7160.81,8.05,2.27,8.93,2.73,-2.68,-2.85,-3.56,5.37,6.26,5.78
7232.41,8.43,2.63,9.06,2.85,-2.81,-2.85,-3.70,5.62,6.25,5.80
7304.74,8.87,3.05,9.14,2.94,-2.91,-2.84,-3.83,5.96,6.23,5.82
7377.79,9.33,3.49,9.18,3.00,-2.98,-2.83,-3.95,6.35,6.20,5.84
7451.56,9.83,3.96,9.18,3.04,-3.02,-2.82,-4.07,6.81,6.16,5.87
7526.08,10.32,4.41,9.15,3.05,-3.04,-2.82,-4.18,7.28,6.11,5.91
7601.34,10.78,4.80,9.09,3.04,-3.04,-2.81,-4.28,7.74,6.05,5.98
7677.35,11.19,5.11,9.01,3.02,-3.02,-2.80,-4.37,8.17,5.99,6.08
7754.13,11.53,5.32,8.93,2.99,-2.99,-2.79,-4.45,8.54,5.93,6.21
7831.67,11.77,5.39,8.83,2.95,-2.96,-2.79,-4.51,8.81,5.88,6.38
7909.98,11.95,5.35,8.74,2.92,-2.92,-2.78,-4.57,9.03,5.82,6.60
7989.08,12.00,5.14,8.65,2.88,-2.89,-2.77,-4.60,9.11,5.76,6.86
8068.98,11.99,4.83,8.56,2.86,-2.86,-2.76,-4.63,9.13,5.70,7.16
8149.67,11.90,4.39,8.48,2.83,-2.84,-2.75,-4.64,9.06,5.64,7.51
8231.16,11.76,3.88,8.41,2.82,-2.82,-2.73,-4.64,8.94,5.58,7.88
8313.47,11.56,3.28,8.34,2.81,-2.81,-2.72,-4.63,8.75,5.52,8.28
8396.61,11.34,2.66,8.27,2.80,-2.80,-2.70,-4.60,8.54,5.47,8.68
8480.57,11.11,2.02,8.20,2.80,-2.80,-2.69,-4.56,8.31,5.40,9.09
8565.38,10.85,1.41,8.13,2.79,-2.79,-2.67,-4.52,8.06,5.34,9.44
8651.03,10.60,0.84,8.05,2.79,-2.78,-2.65,-4.46,7.81,5.27,9.76
8737.54,10.36,0.34,7.97,2.78,-2.77,-2.63,-4.39,7.59,5.19,10.02
8824.92,10.17,-0.03,7.87,2.76,-2.76,-2.61,-4.31,7.41,5.12,10.20
8913.17,10.03,-0.28,7.76,2.74,-2.73,-2.59,-4.23,7.30,5.03,10.31
9002.30,9.94,-0.39,7.64,2.71,-2.70,-2.57,-4.15,7.24,4.94,10.33
9092.32,9.95,-0.28,7.51,2.67,-2.66,-2.55,-4.05,7.29,4.85,10.23
9183.25,9.99,-0.04,7.36,2.62,-2.61,-2.52,-3.96,7.38,4.75,10.03
9275.08,10.07,0.35,7.20,2.56,-2.55,-2.50,-3.86,7.52,4.65,9.72
9367.83,10.15,0.81,7.04,2.50,-2.50,-2.48,-3.77,7.65,4.54,9.34
9461.51,10.16,1.31,6.87,2.44,-2.45,-2.45,-3.67,7.71,4.43,8.85
9556.12,10.08,1.81,6.71,2.39,-2.40,-2.43,-3.57,7.68,4.31,8.27
9651.68,9.86,2.25,6.55,2.35,-2.36,-2.41,-3.48,7.50,4.19,7.61
9748.20,9.38,2.49,6.41,2.32,-2.33,-2.39,-3.39,7.05,4.08,6.89
9845.68,8.75,2.61,6.28,2.30,-2.32,-2.37,-3.30,6.43,3.96,6.14
9944.14,7.91,2.55,6.16,2.30,-2.31,-2.36,-3.21,5.60,3.85,5.36
10043.58,6.78,2.20,6.05,2.32,-2.31,-2.34,-3.12,4.47,3.74,4.58
10144.02,5.55,1.73,5.91,2.33,-2.32,-2.34,-3.04,3.23,3.59,3.82
10245.46,4.20,1.12,5.77,2.34,-2.33,-2.33,-2.96,1.87,3.44,3.08
10347.91,2.79,0.39,5.63,2.36,-2.35,-2.33,-2.89,0.44,3.27,2.40
10451.39,1.46,-0.32,5.48,2.37,-2.37,-2.33,-2.82,-0.91,3.11,1.78
10555.91,0.23,-1.01,5.33,2.39,-2.39,-2.34,-2.76,-2.16,2.94,1.24
10661.46,-0.81,-1.58,5.18,2.41,-2.41,-2.35,-2.70,-3.22,2.77,0.77
10768.08,-1.58,-1.95,5.03,2.43,-2.43,-2.37,-2.64,-4.01,2.59,0.37
10875.76,-2.16,-2.23,4.87,2.46,-2.46,-2.40,-2.59,-4.62,2.41,0.07
10984.52,-2.46,-2.30,4.71,2.48,-2.48,-2.43,-2.55,-4.94,2.23,-0.16
11094.36,-2.49,-2.17,4.55,2.51,-2.51,-2.46,-2.51,-5.00,2.04,-0.32
11205.31,-2.34,-1.93,4.38,2.53,-2.53,-2.50,-2.47,-4.87,1.85,-0.41
11317.36,-1.98,-1.48,4.22,2.56,-2.56,-2.54,-2.44,-4.54,1.65,-0.50
11430.53,-1.43,-0.86,4.04,2.59,-2.59,-2.59,-2.42,-4.02,1.45,-0.57
11544.84,-0.83,-0.19,3.87,2.62,-2.62,-2.64,-2.40,-3.45,1.25,-0.64
11660.29,-0.21,0.53,3.69,2.66,-2.66,-2.69,-2.39,-2.87,1.04,-0.74
11776.89,0.37,1.27,3.51,2.69,-2.69,-2.75,-2.38,-2.32,0.82,-0.90
11894.66,0.89,1.99,3.33,2.73,-2.73,-2.80,-2.38,-1.84,0.60,-1.10
12013.60,1.30,2.67,3.15,2.77,-2.77,-2.86,-2.38,-1.47,0.38,-1.37
12133.74,1.53,3.25,2.96,2.81,-2.81,-2.92,-2.40,-1.28,0.15,-1.72
12255.08,1.65,3.79,2.77,2.85,-2.85,-2.98,-2.41,-1.20,-0.08,-2.14
12377.63,1.68,4.30,2.57,2.89,-2.89,-3.04,-2.44,-1.21,-0.31,-2.62
12501.41,1.61,4.76,2.38,2.93,-2.93,-3.10,-2.47,-1.32,-0.55,-3.15
12626.42,1.50,5.22,2.18,2.98,-2.98,-3.16,-2.51,-1.48,-0.80,-3.72
12752.68,1.36,5.65,1.98,3.02,-3.02,-3.21,-2.56,-1.67,-1.05,-4.29
12880.21,1.23,6.07,1.77,3.07,-3.07,-3.27,-2.62,-1.84,-1.30,-4.84
13009.01,1.13,6.48,1.56,3.12,-3.12,-3.32,-2.68,-1.99,-1.56,-5.35
13139.10,1.05,6.85,1.35,3.17,-3.17,-3.37,-2.76,-2.13,-1.82,-5.80
13270.49,0.98,7.13,1.14,3.23,-3.23,-3.42,-2.84,-2.25,-2.09,-6.15
13403.20,0.93,7.31,0.92,3.28,-3.28,-3.47,-2.94,-2.35,-2.36,-6.38
13537.23,0.91,7.41,0.71,3.34,-3.34,-3.52,-3.05,-2.43,-2.63,-6.50
13672.60,0.92,7.43,0.48,3.39,-3.39,-3.56,-3.17,-2.48,-2.91,-6.51
13809.33,1.00,7.42,0.26,3.45,-3.45,-3.61,-3.31,-2.45,-3.19,-6.42
13947.42,1.16,7.39,0.03,3.51,-3.51,-3.65,-3.46,-2.36,-3.48,-6.23
14086.90,1.37,7.33,-0.20,3.58,-3.58,-3.69,-3.63,-2.21,-3.77,-5.96
14227.77,1.61,7.24,-0.43,3.64,-3.64,-3.72,-3.81,-2.03,-4.07,-5.63
14370.04,1.84,7.13,-0.67,3.70,-3.70,-3.76,-4.01,-1.87,-4.37,-5.29
14513.74,2.05,7.03,-0.91,3.77,-3.77,-3.79,-4.22,-1.72,-4.68,-4.98
14658.88,2.20,6.91,-1.15,3.84,-3.84,-3.83,-4.45,-1.64,-4.99,-4.71
14805.47,2.23,6.76,-1.39,3.91,-3.91,-3.86,-4.70,-1.68,-5.30,-4.53
14953.52,2.14,6.61,-1.64,3.98,-3.98,-3.89,-4.95,-1.84,-5.62,-4.47
15103.06,1.89,6.44,-1.89,4.05,-4.05,-3.91,-5.21,-2.16,-5.94,-4.55
15254.09,1.43,6.19,-2.14,4.13,-4.13,-3.94,-5.46,-2.70,-6.27,-4.76
15406.63,0.86,5.96,-2.40,4.20,-4.20,-3.97,-5.70,-3.34,-6.60,-5.10
15560.70,0.17,5.71,-2.66,4.28,-4.28,-3.99,-5.91,-4.11,-6.94,-5.54
15716.30,-0.68,5.37,-2.92,4.36,-4.36,-4.01,-6.07,-5.04,-7.27,-6.05
15873.47,-1.64,4.96,-3.18,4.44,-4.44,-4.03,-6.16,-6.08,-7.62,-6.60
16032.20,-2.68,4.51,-3.45,4.52,-4.52,-4.06,-6.17,-7.20,-7.97,-7.19
16192.52,-3.79,4.04,-3.72,4.60,-4.60,-4.07,-6.09,-8.39,-8.32,-7.83
16354.45,-4.86,3.55,-3.99,4.69,-4.69,-4.09,-5.92,-9.55,-8.68,-8.41
16517.99,-5.87,3.04,-4.27,4.77,-4.77,-4.11,-5.66,-10.64,-9.04,-8.91
16683.17,-6.67,2.65,-4.55,4.86,-4.86,-4.13,-5.33,-11.53,-9.41,-9.32
16850.01,-7.26,2.38,-4.83,4.95,-4.95,-4.14,-4.95,-12.21,-9.78,-9.64
17018.51,-7.69,2.19,-5.11,5.04,-5.04,-4.16,-4.54,-12.73,-10.15,-9.88
17188.69,-7.89,2.30,-5.40,5.13,-5.13,-4.17,-4.12,-13.02,-10.53,-10.19
17360.58,-7.84,2.58,-5.69,5.22,-5.22,-4.18,-3.71,-13.07,-10.91,-10.42
17534.18,-7.64,2.95,-5.98,5.32,-5.32,-4.20,-3.31,-12.96,-11.30,-10.59
17709.53,-7.26,3.44,-6.27,5.42,-5.42,-4.21,-2.93,-12.68,-11.69,-10.70
17886.62,-6.71,4.09,-6.57,5.51,-5.51,-4.22,-2.58,-12.23,-12.09,-10.80
18065.49,-6.17,4.92,-6.87,5.61,-5.61,-4.23,-2.26,-11.79,-12.49,-11.09
18246.14,-5.65,5.88,-7.18,5.72,-5.72,-4.24,-1.97,-11.37,-12.89,-11.53
18428.60,-5.28,6.68,-7.48,5.82,-5.82,-4.25,-1.70,-11.10,-13.30,-11.96
18612.89,-5.14,7.24,-7.79,5.92,-5.92,-4.26,-1.47,-11.06,-13.72,-12.38
18799.02,-5.26,7.51,-8.11,6.03,-6.03,-4.26,-1.26,-11.29,-14.13,-12.77
18987.01,-6.02,7.13,-8.42,6.13,-6.13,-4.27,-1.07,-12.16,-14.56,-13.15
19176.88,-7.18,6.63,-8.74,6.24,-6.24,-4.28,-0.90,-13.42,-14.98,-13.81
19368.65,-8.63,5.85,-9.06,6.35,-6.35,-4.28,-0.76,-14.98,-15.41,-14.48
19562.33,-10.35,4.78,-9.38,6.47,-6.47,-4.28,-0.63,-16.82,-15.85,-15.13
19757.96,-12.14,3.63,-9.71,6.58,-6.58,-4.29,-0.52,-18.72,-16.29,-15.77
19955.54,-13.94,2.45,-10.04,6.69,-6.69,-4.29,-0.42,-20.63,-16.73,-16.39
