frequency,raw,error,smoothed,error_smoothed,equalization,parametric_eq,fixed_band_eq,equalized_raw,equalized_smoothed,target
20.00,-3.29,-6.23,-3.29,-6.23,6.24,5.09,2.24,2.96,2.95,2.94
20.20,-3.26,-6.23,-3.25,-6.22,6.22,5.08,2.31,2.96,2.97,2.97
20.40,-3.20,-6.21,-3.20,-6.20,6.19,5.08,2.38,2.99,2.99,3.00
20.61,-3.16,-6.18,-3.15,-6.17,6.16,5.07,2.45,3.01,3.02,3.02
20.81,-3.07,-6.13,-3.09,-6.14,6.13,5.07,2.52,3.06,3.05,3.05
21.02,-3.03,-6.11,-3.03,-6.10,6.10,5.06,2.59,3.08,3.07,3.08
21.23,-2.98,-6.07,-2.97,-6.06,6.07,5.05,2.66,3.09,3.10,3.09
21.44,-2.92,-6.03,-2.93,-6.03,6.03,5.05,2.74,3.11,3.11,3.10
21.66,-2.88,-5.99,-2.88,-5.99,5.99,5.04,2.82,3.12,3.11,3.11
21.87,-2.84,-5.96,-2.84,-5.95,5.95,5.04,2.90,3.11,3.12,3.11
22.09,-2.79,-5.92,-2.80,-5.91,5.91,5.03,2.99,3.12,3.12,3.12
22.31,-2.74,-5.87,-2.75,-5.87,5.87,5.02,3.07,3.12,3.12,3.12
22.54,-2.72,-5.84,-2.71,-5.83,5.82,5.02,3.16,3.11,3.12,3.12
22.76,-2.66,-5.78,-2.66,-5.78,5.78,5.01,3.25,3.12,3.11,3.12
22.99,-2.63,-5.74,-2.62,-5.74,5.73,5.00,3.35,3.11,3.11,3.11
23.22,-2.58,-5.69,-2.57,-5.68,5.69,5.00,3.44,3.11,3.12,3.11
23.45,-2.53,-5.64,-2.53,-5.64,5.64,4.99,3.54,3.12,3.11,3.11
23.69,-2.48,-5.59,-2.48,-5.59,5.60,4.98,3.64,3.12,3.11,3.11
23.92,-2.44,-5.56,-2.44,-5.55,5.56,4.98,3.74,3.11,3.11,3.11
24.16,-2.41,-5.53,-2.41,-5.52,5.52,4.97,3.84,3.10,3.11,3.11
24.40,-2.37,-5.48,-2.37,-5.48,5.48,4.96,3.95,3.12,3.11,3.11
24.65,-2.35,-5.45,-2.34,-5.44,5.45,4.96,4.05,3.10,3.11,3.10
24.89,-2.31,-5.41,-2.31,-5.41,5.42,4.95,4.16,3.12,3.11,3.10
25.14,-2.29,-5.40,-2.29,-5.39,5.39,4.94,4.27,3.10,3.10,3.10
25.39,-2.27,-5.37,-2.27,-5.37,5.37,4.93,4.38,3.10,3.10,3.10
25.65,-2.26,-5.36,-2.25,-5.34,5.34,4.93,4.49,3.09,3.09,3.10
25.91,-2.22,-5.31,-2.22,-5.32,5.31,4.92,4.60,3.10,3.09,3.09
26.16,-2.20,-5.29,-2.20,-5.29,5.29,4.91,4.71,3.09,3.09,3.09
26.43,-2.18,-5.27,-2.17,-5.26,5.26,4.90,4.82,3.08,3.09,3.09
26.69,-2.14,-5.23,-2.14,-5.23,5.23,4.90,4.93,3.09,3.09,3.09
26.96,-2.12,-5.21,-2.11,-5.20,5.20,4.89,5.03,3.08,3.08,3.09
27.23,-2.09,-5.17,-2.08,-5.16,5.16,4.88,5.14,3.08,3.08,3.08
27.50,-2.05,-5.13,-2.05,-5.13,5.13,4.87,5.24,3.08,3.08,3.08
27.77,-2.02,-5.09,-2.02,-5.09,5.10,4.86,5.34,3.08,3.08,3.07
28.05,-2.01,-5.08,-1.99,-5.06,5.06,4.86,5.43,3.06,3.07,3.07
28.33,-1.96,-5.02,-1.97,-5.03,5.04,4.85,5.52,3.08,3.07,3.06
28.62,-1.96,-5.02,-1.94,-5.00,5.01,4.84,5.61,3.06,3.07,3.06
28.90,-1.92,-4.98,-1.92,-4.98,4.99,4.83,5.69,3.08,3.07,3.06
29.19,-1.92,-4.97,-1.92,-4.97,4.97,4.82,5.76,3.06,3.05,3.05
29.48,-1.92,-4.97,-1.91,-4.96,4.95,4.81,5.83,3.04,3.04,3.05
29.78,-1.92,-4.96,-1.90,-4.95,4.94,4.80,5.89,3.02,3.03,3.04
30.08,-1.88,-4.92,-1.89,-4.93,4.92,4.79,5.94,3.04,3.03,3.04
30.38,-1.88,-4.91,-1.87,-4.91,4.90,4.78,5.98,3.03,3.03,3.03
30.68,-1.87,-4.90,-1.85,-4.88,4.88,4.78,6.01,3.02,3.03,3.03
30.99,-1.83,-4.85,-1.84,-4.86,4.87,4.77,6.04,3.04,3.03,3.02
31.30,-1.83,-4.84,-1.83,-4.84,4.85,4.76,6.06,3.03,3.03,3.01
31.61,-1.83,-4.84,-1.82,-4.83,4.84,4.75,6.07,3.02,3.02,3.01
31.93,-1.83,-4.83,-1.83,-4.83,4.83,4.74,6.06,3.00,3.00,3.00
32.24,-1.83,-4.82,-1.83,-4.82,4.82,4.73,6.05,2.99,2.99,2.99
32.57,-1.83,-4.82,-1.82,-4.81,4.80,4.72,6.03,2.98,2.98,2.99
32.89,-1.83,-4.81,-1.81,-4.79,4.79,4.71,6.01,2.96,2.97,2.98
33.22,-1.79,-4.76,-1.80,-4.77,4.77,4.70,5.97,2.98,2.97,2.97
33.55,-1.79,-4.76,-1.78,-4.75,4.75,4.69,5.93,2.96,2.96,2.97
33.89,-1.77,-4.73,-1.76,-4.72,4.72,4.67,5.88,2.95,2.96,2.96
34.23,-1.75,-4.70,-1.74,-4.70,4.69,4.66,5.83,2.94,2.95,2.95
34.57,-1.71,-4.65,-1.71,-4.65,4.66,4.65,5.77,2.95,2.94,2.94
34.92,-1.70,-4.63,-1.69,-4.62,4.63,4.64,5.71,2.93,2.94,2.93
35.27,-1.66,-4.58,-1.67,-4.59,4.60,4.63,5.64,2.94,2.93,2.92
35.62,-1.66,-4.57,-1.66,-4.57,4.57,4.62,5.57,2.92,2.91,2.91
35.97,-1.66,-4.56,-1.64,-4.54,4.55,4.61,5.49,2.89,2.90,2.90
36.33,-1.64,-4.53,-1.64,-4.53,4.53,4.59,5.42,2.89,2.89,2.89
36.70,-1.62,-4.50,-1.62,-4.50,4.50,4.58,5.34,2.89,2.88,2.88
37.06,-1.62,-4.49,-1.62,-4.49,4.48,4.57,5.26,2.87,2.87,2.87
37.43,-1.62,-4.48,-1.61,-4.47,4.47,4.56,5.18,2.85,2.85,2.86
37.81,-1.62,-4.47,-1.60,-4.45,4.44,4.54,5.10,2.83,2.85,2.85
38.19,-1.57,-4.41,-1.58,-4.42,4.42,4.53,5.03,2.86,2.84,2.84
38.57,-1.57,-4.40,-1.57,-4.40,4.40,4.52,4.95,2.84,2.84,2.83
38.95,-1.57,-4.39,-1.56,-4.38,4.38,4.51,4.87,2.82,2.82,2.82
39.34,-1.57,-4.37,-1.56,-4.37,4.36,4.49,4.80,2.80,2.80,2.80
39.74,-1.57,-4.36,-1.56,-4.35,4.35,4.48,4.73,2.78,2.79,2.79
40.14,-1.55,-4.33,-1.55,-4.33,4.34,4.46,4.66,2.79,2.78,2.78
40.54,-1.55,-4.32,-1.55,-4.32,4.33,4.45,4.59,2.78,2.78,2.77
40.94,-1.57,-4.33,-1.55,-4.32,4.32,4.43,4.52,2.76,2.77,2.76
41.35,-1.57,-4.32,-1.56,-4.31,4.32,4.42,4.46,2.76,2.76,2.75
41.76,-1.57,-4.31,-1.58,-4.32,4.32,4.40,4.40,2.75,2.74,2.74
42.18,-1.59,-4.32,-1.59,-4.32,4.32,4.39,4.34,2.73,2.73,2.73
42.60,-1.62,-4.34,-1.60,-4.33,4.31,4.37,4.29,2.70,2.71,2.72
43.03,-1.62,-4.33,-1.62,-4.32,4.31,4.36,4.24,2.69,2.69,2.71
43.46,-1.62,-4.31,-1.62,-4.31,4.30,4.34,4.19,2.69,2.69,2.69
43.90,-1.62,-4.29,-1.62,-4.29,4.29,4.32,4.15,2.68,2.68,2.67
44.33,-1.62,-4.27,-1.62,-4.27,4.28,4.31,4.10,2.66,2.66,2.65
44.78,-1.64,-4.27,-1.63,-4.26,4.26,4.29,4.07,2.63,2.63,2.63
45.23,-1.64,-4.25,-1.63,-4.24,4.24,4.27,4.03,2.61,2.61,2.61
45.68,-1.63,-4.23,-1.63,-4.23,4.23,4.25,4.00,2.60,2.60,2.60
46.13,-1.62,-4.20,-1.62,-4.20,4.21,4.23,3.97,2.59,2.59,2.58
46.60,-1.62,-4.19,-1.61,-4.18,4.19,4.21,3.94,2.58,2.58,2.57
47.06,-1.62,-4.17,-1.61,-4.17,4.17,4.19,3.92,2.55,2.55,2.55
47.53,-1.62,-4.15,-1.62,-4.15,4.14,4.17,3.90,2.53,2.53,2.53
48.01,-1.62,-4.14,-1.62,-4.13,4.11,4.15,3.88,2.50,2.50,2.52
48.49,-1.62,-4.11,-1.61,-4.10,4.08,4.13,3.87,2.47,2.48,2.49
48.97,-1.60,-4.06,-1.59,-4.05,4.05,4.11,3.86,2.46,2.46,2.46
49.46,-1.57,-4.00,-1.58,-4.01,4.02,4.09,3.85,2.45,2.44,2.43
49.96,-1.57,-3.97,-1.56,-3.97,3.98,4.06,3.84,2.42,2.42,2.40
50.46,-1.57,-3.95,-1.56,-3.94,3.95,4.04,3.83,2.39,2.39,2.38
50.96,-1.57,-3.93,-1.57,-3.92,3.92,4.01,3.83,2.36,2.36,2.36
51.47,-1.57,-3.90,-1.56,-3.90,3.90,3.99,3.83,2.34,2.34,2.33
51.99,-1.57,-3.88,-1.56,-3.88,3.88,3.96,3.83,2.32,2.32,2.31
52.51,-1.57,-3.86,-1.58,-3.87,3.87,3.94,3.83,2.30,2.29,2.29
53.03,-1.60,-3.87,-1.59,-3.86,3.86,3.91,3.83,2.26,2.26,2.27
53.56,-1.62,-3.86,-1.61,-3.85,3.84,3.88,3.83,2.23,2.24,2.24
54.10,-1.62,-3.84,-1.62,-3.83,3.83,3.86,3.83,2.21,2.21,2.22
54.64,-1.62,-3.81,-1.62,-3.81,3.81,3.83,3.84,2.20,2.19,2.19
55.18,-1.62,-3.79,-1.62,-3.79,3.79,3.80,3.84,2.18,2.17,2.17
55.74,-1.64,-3.78,-1.62,-3.77,3.77,3.77,3.84,2.13,2.15,2.14
56.29,-1.62,-3.74,-1.63,-3.75,3.74,3.73,3.84,2.13,2.11,2.12
56.86,-1.62,-3.72,-1.62,-3.71,3.71,3.70,3.84,2.09,2.09,2.10
57.42,-1.61,-3.69,-1.60,-3.67,3.67,3.67,3.84,2.06,2.07,2.07
58.00,-1.57,-3.62,-1.58,-3.63,3.63,3.64,3.83,2.07,2.05,2.05
58.58,-1.57,-3.60,-1.56,-3.59,3.59,3.60,3.83,2.03,2.03,2.03
59.16,-1.53,-3.54,-1.53,-3.54,3.54,3.57,3.82,2.02,2.01,2.01
59.76,-1.52,-3.51,-1.51,-3.50,3.49,3.53,3.81,1.98,1.98,1.99
60.35,-1.49,-3.45,-1.48,-3.45,3.44,3.50,3.79,1.95,1.96,1.96
60.96,-1.47,-3.40,-1.47,-3.40,3.39,3.46,3.77,1.92,1.92,1.93
61.57,-1.44,-3.33,-1.44,-3.34,3.34,3.42,3.75,1.90,1.90,1.89
62.18,-1.44,-3.30,-1.42,-3.28,3.29,3.38,3.73,1.86,1.87,1.86
62.80,-1.40,-3.23,-1.41,-3.23,3.25,3.35,3.70,1.85,1.84,1.83
63.43,-1.40,-3.20,-1.40,-3.20,3.20,3.31,3.67,1.81,1.81,1.80
64.07,-1.40,-3.17,-1.39,-3.17,3.17,3.27,3.64,1.77,1.77,1.77
64.71,-1.40,-3.15,-1.40,-3.14,3.13,3.23,3.60,1.74,1.74,1.75
65.35,-1.40,-3.12,-1.39,-3.11,3.11,3.19,3.56,1.71,1.72,1.72
66.01,-1.40,-3.09,-1.40,-3.09,3.09,3.15,3.52,1.70,1.69,1.69
66.67,-1.40,-3.06,-1.40,-3.07,3.08,3.11,3.47,1.68,1.67,1.66
67.33,-1.44,-3.07,-1.42,-3.05,3.07,3.08,3.42,1.63,1.65,1.63
68.01,-1.44,-3.04,-1.45,-3.05,3.06,3.04,3.37,1.62,1.61,1.60
68.69,-1.49,-3.06,-1.48,-3.05,3.05,3.00,3.31,1.56,1.56,1.57
69.37,-1.52,-3.06,-1.51,-3.05,3.04,2.96,3.26,1.52,1.53,1.54
70.07,-1.53,-3.04,-1.53,-3.04,3.02,2.92,3.20,1.50,1.50,1.51
70.77,-1.53,-3.01,-1.53,-3.01,3.00,2.89,3.14,1.48,1.48,1.48
71.48,-1.53,-2.98,-1.53,-2.98,2.98,2.85,3.08,1.45,1.45,1.45
72.19,-1.53,-2.94,-1.53,-2.94,2.94,2.82,3.02,1.42,1.41,1.41
72.91,-1.53,-2.91,-1.52,-2.90,2.90,2.78,2.95,1.38,1.38,1.38
73.64,-1.53,-2.87,-1.52,-2.86,2.85,2.75,2.89,1.33,1.34,1.34
74.38,-1.49,-2.80,-1.50,-2.80,2.80,2.71,2.82,1.31,1.30,1.31
75.12,-1.48,-2.75,-1.47,-2.74,2.74,2.68,2.76,1.27,1.28,1.27
75.87,-1.44,-2.68,-1.44,-2.68,2.69,2.65,2.70,1.25,1.25,1.24
76.63,-1.42,-2.63,-1.42,-2.62,2.63,2.61,2.63,1.21,1.21,1.21
77.40,-1.40,-2.58,-1.39,-2.57,2.57,2.58,2.57,1.17,1.18,1.18
78.17,-1.36,-2.50,-1.36,-2.51,2.51,2.55,2.51,1.15,1.14,1.14
78.95,-1.35,-2.46,-1.34,-2.45,2.45,2.51,2.44,1.10,1.11,1.11
79.74,-1.31,-2.39,-1.31,-2.39,2.39,2.48,2.38,1.09,1.08,1.08
80.54,-1.31,-2.35,-1.29,-2.34,2.34,2.45,2.32,1.04,1.05,1.04
81.35,-1.27,-2.28,-1.27,-2.28,2.29,2.41,2.26,1.03,1.02,1.01
82.16,-1.27,-2.24,-1.27,-2.24,2.25,2.38,2.21,0.98,0.98,0.97
82.98,-1.27,-2.21,-1.26,-2.20,2.20,2.34,2.15,0.94,0.94,0.94
83.81,-1.27,-2.17,-1.27,-2.17,2.16,2.31,2.09,0.90,0.90,0.90
84.65,-1.27,-2.13,-1.27,-2.13,2.13,2.27,2.04,0.86,0.86,0.86
85.50,-1.27,-2.10,-1.27,-2.09,2.09,2.23,1.99,0.83,0.83,0.83
86.35,-1.27,-2.06,-1.26,-2.05,2.06,2.20,1.93,0.79,0.80,0.79
87.22,-1.27,-2.02,-1.27,-2.02,2.02,2.16,1.88,0.76,0.76,0.75
88.09,-1.27,-1.98,-1.28,-1.99,1.99,2.12,1.84,0.72,0.71,0.71
88.97,-1.31,-1.98,-1.29,-1.96,1.96,2.08,1.79,0.65,0.67,0.67
89.86,-1.31,-1.94,-1.30,-1.93,1.93,2.04,1.74,0.62,0.63,0.63
90.76,-1.31,-1.89,-1.31,-1.89,1.89,1.99,1.70,0.59,0.59,0.58
91.66,-1.31,-1.85,-1.32,-1.85,1.86,1.95,1.65,0.56,0.54,0.54
92.58,-1.34,-1.83,-1.33,-1.83,1.83,1.91,1.61,0.49,0.50,0.49
93.51,-1.36,-1.81,-1.35,-1.80,1.79,1.87,1.57,0.44,0.44,0.45
94.44,-1.36,-1.77,-1.36,-1.76,1.76,1.82,1.53,0.40,0.40,0.41
95.39,-1.36,-1.72,-1.36,-1.72,1.72,1.78,1.49,0.36,0.36,0.36
96.34,-1.36,-1.67,-1.36,-1.67,1.68,1.73,1.46,0.32,0.32,0.31
97.30,-1.38,-1.64,-1.38,-1.64,1.64,1.68,1.42,0.26,0.26,0.26
98.28,-1.40,-1.61,-1.39,-1.60,1.60,1.64,1.39,0.21,0.21,0.21
99.26,-1.40,-1.57,-1.39,-1.56,1.56,1.59,1.35,0.16,0.17,0.17
100.25,-1.40,-1.52,-1.40,-1.52,1.52,1.54,1.32,0.12,0.12,0.12
101.25,-1.40,-1.47,-1.41,-1.48,1.48,1.49,1.29,0.09,0.07,0.07
102.27,-1.44,-1.46,-1.42,-1.44,1.44,1.44,1.26,0.01,0.02,0.02
103.29,-1.44,-1.41,-1.43,-1.40,1.41,1.40,1.23,-0.03,-0.02,-0.03
104.32,-1.44,-1.37,-1.44,-1.37,1.37,1.35,1.20,-0.07,-0.07,-0.07
105.37,-1.44,-1.32,-1.45,-1.33,1.33,1.30,1.17,-0.10,-0.12,-0.12
106.42,-1.49,-1.32,-1.47,-1.30,1.30,1.25,1.14,-0.19,-0.17,-0.17
107.48,-1.49,-1.27,-1.48,-1.26,1.26,1.20,1.11,-0.23,-0.22,-0.22
108.56,-1.49,-1.22,-1.49,-1.22,1.22,1.15,1.09,-0.26,-0.27,-0.27
109.64,-1.49,-1.17,-1.50,-1.18,1.18,1.10,1.06,-0.30,-0.32,-0.32
110.74,-1.53,-1.16,-1.51,-1.14,1.14,1.05,1.03,-0.38,-0.37,-0.37
111.85,-1.53,-1.11,-1.52,-1.10,1.10,1.00,1.01,-0.43,-0.42,-0.42
112.97,-1.53,-1.05,-1.53,-1.06,1.05,0.95,0.98,-0.47,-0.48,-0.48
114.10,-1.54,-1.01,-1.54,-1.01,1.01,0.90,0.96,-0.53,-0.53,-0.53
115.24,-1.57,-0.98,-1.55,-0.97,0.97,0.85,0.93,-0.60,-0.59,-0.59
116.39,-1.57,-0.93,-1.56,-0.92,0.92,0.80,0.91,-0.64,-0.64,-0.64
117.55,-1.57,-0.87,-1.57,-0.87,0.88,0.75,0.88,-0.69,-0.69,-0.70
118.73,-1.57,-0.82,-1.58,-0.83,0.84,0.70,0.86,-0.73,-0.74,-0.75
119.92,-1.60,-0.80,-1.59,-0.79,0.79,0.66,0.83,-0.80,-0.80,-0.80
121.12,-1.62,-0.77,-1.61,-0.76,0.75,0.61,0.81,-0.87,-0.86,-0.85
122.33,-1.62,-0.72,-1.62,-0.72,0.71,0.56,0.78,-0.91,-0.91,-0.90
123.55,-1.62,-0.67,-1.62,-0.67,0.67,0.51,0.75,-0.95,-0.95,-0.95
124.79,-1.62,-0.62,-1.61,-0.62,0.62,0.47,0.73,-0.99,-0.99,-1.00
126.03,-1.62,-0.57,-1.62,-0.57,0.58,0.42,0.70,-1.04,-1.04,-1.05
127.29,-1.64,-0.54,-1.64,-0.53,0.53,0.38,0.68,-1.10,-1.10,-1.10
128.57,-1.66,-0.50,-1.65,-0.49,0.49,0.33,0.65,-1.17,-1.16,-1.16
129.85,-1.66,-0.45,-1.66,-0.45,0.44,0.29,0.62,-1.22,-1.22,-1.21
131.15,-1.66,-0.40,-1.66,-0.40,0.39,0.24,0.59,-1.26,-1.26,-1.26
132.46,-1.66,-0.35,-1.66,-0.35,0.35,0.20,0.56,-1.31,-1.31,-1.31
133.79,-1.66,-0.31,-1.65,-0.30,0.31,0.16,0.54,-1.35,-1.35,-1.35
135.12,-1.66,-0.26,-1.65,-0.26,0.27,0.12,0.51,-1.39,-1.39,-1.40
136.48,-1.66,-0.22,-1.66,-0.22,0.23,0.07,0.48,-1.43,-1.44,-1.44
137.84,-1.68,-0.19,-1.68,-0.18,0.19,0.03,0.45,-1.49,-1.49,-1.49
139.22,-1.70,-0.16,-1.69,-0.15,0.15,-0.01,0.42,-1.55,-1.54,-1.54
140.61,-1.70,-0.12,-1.70,-0.12,0.11,-0.04,0.39,-1.59,-1.59,-1.58
142.02,-1.70,-0.09,-1.70,-0.08,0.08,-0.08,0.36,-1.62,-1.62,-1.61
143.44,-1.70,-0.05,-1.69,-0.04,0.05,-0.12,0.33,-1.65,-1.65,-1.65
144.87,-1.70,-0.01,-1.69,-0.00,0.02,-0.16,0.29,-1.68,-1.67,-1.69
146.32,-1.70,0.03,-1.70,0.03,-0.01,-0.19,0.26,-1.70,-1.70,-1.73
147.78,-1.71,0.05,-1.72,0.04,-0.03,-0.23,0.23,-1.74,-1.75,-1.76
149.26,-1.75,0.05,-1.74,0.05,-0.06,-0.26,0.20,-1.80,-1.80,-1.80
150.75,-1.79,0.05,-1.77,0.07,-0.08,-0.29,0.16,-1.87,-1.86,-1.84
152.26,-1.79,0.09,-1.79,0.09,-0.11,-0.33,0.13,-1.90,-1.90,-1.88
153.78,-1.79,0.13,-1.79,0.13,-0.14,-0.36,0.10,-1.92,-1.92,-1.92
155.32,-1.79,0.17,-1.79,0.17,-0.17,-0.39,0.06,-1.95,-1.95,-1.96
156.88,-1.79,0.21,-1.79,0.21,-0.20,-0.42,0.03,-1.99,-1.99,-2.00
158.44,-1.81,0.23,-1.80,0.24,-0.24,-0.45,-0.00,-2.04,-2.04,-2.04
160.03,-1.81,0.27,-1.80,0.28,-0.28,-0.48,-0.04,-2.08,-2.08,-2.08
161.63,-1.81,0.31,-1.81,0.31,-0.31,-0.51,-0.07,-2.12,-2.12,-2.12
163.24,-1.81,0.35,-1.80,0.35,-0.35,-0.53,-0.11,-2.15,-2.15,-2.16
164.88,-1.81,0.38,-1.81,0.39,-0.38,-0.56,-0.14,-2.19,-2.19,-2.19
166.53,-1.81,0.42,-1.81,0.42,-0.42,-0.59,-0.18,-2.22,-2.23,-2.23
168.19,-1.83,0.44,-1.82,0.45,-0.45,-0.61,-0.22,-2.28,-2.27,-2.27
169.87,-1.83,0.48,-1.82,0.48,-0.49,-0.63,-0.25,-2.31,-2.31,-2.31
171.57,-1.83,0.52,-1.83,0.52,-0.52,-0.66,-0.29,-2.35,-2.35,-2.35
173.29,-1.83,0.55,-1.83,0.56,-0.56,-0.68,-0.33,-2.38,-2.38,-2.38
175.02,-1.83,0.59,-1.83,0.59,-0.59,-0.70,-0.37,-2.42,-2.42,-2.42
176.77,-1.83,0.63,-1.83,0.63,-0.63,-0.72,-0.40,-2.46,-2.46,-2.46
178.54,-1.83,0.67,-1.83,0.67,-0.67,-0.74,-0.44,-2.50,-2.50,-2.50
180.32,-1.83,0.71,-1.83,0.71,-0.71,-0.76,-0.48,-2.54,-2.54,-2.54
182.13,-1.83,0.74,-1.82,0.75,-0.75,-0.78,-0.52,-2.58,-2.58,-2.57
183.95,-1.82,0.79,-1.82,0.79,-0.79,-0.80,-0.56,-2.61,-2.61,-2.61
185.79,-1.81,0.83,-1.81,0.83,-0.83,-0.82,-0.60,-2.64,-2.64,-2.64
187.65,-1.81,0.87,-1.80,0.88,-0.87,-0.84,-0.64,-2.68,-2.67,-2.68
189.52,-1.79,0.92,-1.79,0.92,-0.91,-0.85,-0.68,-2.70,-2.70,-2.71
191.42,-1.79,0.95,-1.79,0.95,-0.95,-0.87,-0.72,-2.73,-2.73,-2.74
193.33,-1.79,0.98,-1.78,0.99,-0.98,-0.89,-0.76,-2.77,-2.77,-2.77
195.27,-1.79,1.01,-1.79,1.01,-1.02,-0.90,-0.80,-2.80,-2.81,-2.80
197.22,-1.79,1.04,-1.79,1.04,-1.05,-0.91,-0.84,-2.84,-2.84,-2.83
199.19,-1.79,1.07,-1.78,1.08,-1.08,-0.93,-0.89,-2.87,-2.86,-2.86
201.18,-1.77,1.11,-1.77,1.11,-1.11,-0.94,-0.93,-2.87,-2.88,-2.88
203.19,-1.76,1.14,-1.76,1.14,-1.14,-0.95,-0.97,-2.89,-2.89,-2.90
205.23,-1.75,1.17,-1.75,1.17,-1.16,-0.97,-1.01,-2.91,-2.91,-2.92
207.28,-1.75,1.18,-1.74,1.19,-1.18,-0.98,-1.05,-2.93,-2.93,-2.93
209.35,-1.75,1.20,-1.75,1.20,-1.21,-0.99,-1.09,-2.95,-2.95,-2.95
211.44,-1.75,1.22,-1.75,1.22,-1.23,-1.00,-1.13,-2.97,-2.97,-2.97
213.56,-1.75,1.23,-1.74,1.24,-1.25,-1.01,-1.17,-2.99,-2.98,-2.98
215.69,-1.73,1.25,-1.72,1.26,-1.26,-1.02,-1.21,-2.99,-2.98,-2.98
217.85,-1.70,1.29,-1.71,1.28,-1.28,-1.03,-1.24,-2.98,-2.99,-2.99
220.03,-1.70,1.30,-1.70,1.30,-1.30,-1.04,-1.28,-2.99,-3.00,-3.00
222.23,-1.70,1.31,-1.69,1.32,-1.31,-1.05,-1.31,-3.01,-3.00,-3.01
224.45,-1.70,1.31,-1.68,1.33,-1.33,-1.05,-1.35,-3.02,-3.01,-3.01
226.70,-1.66,1.35,-1.67,1.34,-1.34,-1.06,-1.38,-3.00,-3.01,-3.01
228.96,-1.66,1.35,-1.66,1.35,-1.35,-1.07,-1.41,-3.01,-3.01,-3.01
231.25,-1.66,1.34,-1.64,1.36,-1.36,-1.07,-1.43,-3.01,-3.00,-3.00
233.57,-1.63,1.37,-1.63,1.37,-1.37,-1.08,-1.46,-2.99,-3.00,-3.00
235.90,-1.62,1.38,-1.62,1.37,-1.37,-1.09,-1.48,-2.99,-2.99,-3.00
238.26,-1.62,1.37,-1.62,1.37,-1.38,-1.09,-1.50,-2.99,-2.99,-2.99
240.64,-1.62,1.36,-1.61,1.37,-1.38,-1.09,-1.52,-2.99,-2.99,-2.98
243.05,-1.61,1.36,-1.60,1.37,-1.38,-1.10,-1.54,-2.98,-2.97,-2.97
245.48,-1.57,1.39,-1.58,1.38,-1.38,-1.10,-1.55,-2.94,-2.95,-2.96
247.93,-1.57,1.38,-1.57,1.38,-1.37,-1.11,-1.56,-2.94,-2.94,-2.95
250.41,-1.57,1.37,-1.56,1.37,-1.37,-1.11,-1.57,-2.93,-2.93,-2.94
252.92,-1.57,1.35,-1.57,1.35,-1.36,-1.11,-1.57,-2.93,-2.93,-2.92
255.45,-1.57,1.33,-1.56,1.34,-1.35,-1.11,-1.57,-2.92,-2.91,-2.90
258.00,-1.55,1.34,-1.55,1.34,-1.34,-1.12,-1.57,-2.89,-2.89,-2.89
260.58,-1.54,1.33,-1.54,1.33,-1.33,-1.12,-1.57,-2.87,-2.87,-2.87
263.19,-1.53,1.32,-1.53,1.32,-1.31,-1.12,-1.56,-2.84,-2.84,-2.85
265.82,-1.53,1.30,-1.52,1.30,-1.30,-1.12,-1.55,-2.82,-2.82,-2.83
268.48,-1.53,1.28,-1.52,1.28,-1.28,-1.12,-1.54,-2.81,-2.81,-2.81
271.16,-1.53,1.26,-1.53,1.26,-1.27,-1.12,-1.53,-2.79,-2.79,-2.79
273.87,-1.53,1.24,-1.53,1.24,-1.25,-1.12,-1.51,-2.77,-2.77,-2.77
276.61,-1.53,1.22,-1.53,1.22,-1.23,-1.12,-1.49,-2.75,-2.75,-2.75
279.38,-1.53,1.20,-1.53,1.20,-1.20,-1.12,-1.47,-2.73,-2.73,-2.73
282.17,-1.53,1.18,-1.53,1.18,-1.18,-1.12,-1.45,-2.71,-2.71,-2.71
284.99,-1.53,1.16,-1.53,1.16,-1.16,-1.11,-1.43,-2.69,-2.69,-2.69
287.84,-1.53,1.14,-1.53,1.14,-1.14,-1.11,-1.41,-2.67,-2.67,-2.67
290.72,-1.53,1.12,-1.53,1.12,-1.12,-1.11,-1.38,-2.65,-2.65,-2.65
293.63,-1.53,1.10,-1.53,1.10,-1.10,-1.10,-1.36,-2.63,-2.63,-2.63
296.57,-1.53,1.08,-1.53,1.08,-1.08,-1.10,-1.33,-2.61,-2.61,-2.61
299.53,-1.53,1.06,-1.53,1.06,-1.06,-1.09,-1.31,-2.59,-2.59,-2.59
302.53,-1.53,1.04,-1.53,1.04,-1.04,-1.09,-1.28,-2.57,-2.57,-2.57
305.55,-1.53,1.01,-1.52,1.02,-1.02,-1.08,-1.25,-2.55,-2.54,-2.54
308.61,-1.51,1.01,-1.51,1.01,-1.00,-1.08,-1.23,-2.51,-2.51,-2.52
311.69,-1.50,0.99,-1.50,0.99,-0.99,-1.07,-1.20,-2.48,-2.48,-2.49
314.81,-1.49,0.97,-1.49,0.98,-0.97,-1.06,-1.17,-2.46,-2.46,-2.46
317.96,-1.49,0.95,-1.49,0.95,-0.96,-1.05,-1.15,-2.44,-2.44,-2.44
321.14,-1.49,0.93,-1.48,0.93,-0.94,-1.04,-1.12,-2.43,-2.43,-2.42
324.35,-1.49,0.91,-1.47,0.92,-0.93,-1.03,-1.09,-2.42,-2.40,-2.40
327.59,-1.46,0.92,-1.46,0.92,-0.92,-1.02,-1.07,-2.37,-2.38,-2.38
330.87,-1.44,0.92,-1.45,0.91,-0.91,-1.01,-1.04,-2.35,-2.36,-2.36
334.18,-1.44,0.90,-1.43,0.91,-0.90,-1.00,-1.02,-2.34,-2.33,-2.34
337.52,-1.44,0.88,-1.42,0.90,-0.90,-0.99,-1.00,-2.33,-2.32,-2.32
340.90,-1.40,0.90,-1.41,0.89,-0.89,-0.97,-0.97,-2.29,-2.30,-2.30
344.30,-1.40,0.88,-1.40,0.88,-0.89,-0.95,-0.95,-2.28,-2.28,-2.28
347.75,-1.40,0.86,-1.38,0.88,-0.88,-0.94,-0.93,-2.28,-2.26,-2.26
351.23,-1.36,0.88,-1.37,0.87,-0.87,-0.92,-0.91,-2.23,-2.24,-2.24
354.74,-1.36,0.86,-1.36,0.86,-0.86,-0.90,-0.89,-2.22,-2.22,-2.22
358.28,-1.36,0.85,-1.35,0.85,-0.85,-0.88,-0.87,-2.20,-2.20,-2.21
361.87,-1.36,0.83,-1.35,0.84,-0.83,-0.86,-0.85,-2.19,-2.18,-2.19
365.49,-1.36,0.81,-1.36,0.81,-0.81,-0.83,-0.83,-2.17,-2.17,-2.17
369.14,-1.36,0.80,-1.37,0.79,-0.79,-0.81,-0.82,-2.14,-2.15,-2.16
372.83,-1.40,0.74,-1.38,0.76,-0.76,-0.78,-0.80,-2.15,-2.14,-2.14
376.56,-1.40,0.73,-1.40,0.72,-0.73,-0.75,-0.78,-2.12,-2.13,-2.13
380.33,-1.43,0.68,-1.42,0.69,-0.69,-0.72,-0.77,-2.12,-2.12,-2.11
384.13,-1.44,0.66,-1.44,0.66,-0.66,-0.68,-0.76,-2.09,-2.10,-2.10
387.97,-1.47,0.62,-1.47,0.62,-0.62,-0.65,-0.74,-2.09,-2.09,-2.09
391.85,-1.49,0.59,-1.49,0.59,-0.59,-0.61,-0.73,-2.07,-2.08,-2.08
395.77,-1.53,0.53,-1.52,0.55,-0.55,-0.57,-0.72,-2.08,-2.07,-2.06
399.73,-1.53,0.52,-1.53,0.52,-0.52,-0.53,-0.71,-2.04,-2.05,-2.05
403.72,-1.57,0.47,-1.56,0.48,-0.49,-0.49,-0.70,-2.05,-2.04,-2.04
407.76,-1.57,0.46,-1.58,0.45,-0.45,-0.45,-0.69,-2.02,-2.03,-2.03
411.84,-1.62,0.40,-1.60,0.42,-0.41,-0.40,-0.68,-2.03,-2.02,-2.02
415.96,-1.63,0.38,-1.63,0.38,-0.37,-0.36,-0.67,-2.00,-2.00,-2.01
420.12,-1.66,0.34,-1.66,0.34,-0.33,-0.31,-0.66,-1.99,-1.99,-2.00
424.32,-1.70,0.29,-1.69,0.30,-0.29,-0.27,-0.65,-1.98,-1.98,-1.99
428.56,-1.74,0.24,-1.74,0.24,-0.24,-0.23,-0.64,-1.97,-1.98,-1.98
432.85,-1.77,0.20,-1.77,0.20,-0.19,-0.19,-0.64,-1.96,-1.96,-1.97
437.18,-1.83,0.13,-1.81,0.15,-0.15,-0.15,-0.63,-1.97,-1.96,-1.96
441.55,-1.83,0.11,-1.84,0.10,-0.11,-0.12,-0.62,-1.93,-1.95,-1.94
445.96,-1.88,0.05,-1.86,0.06,-0.07,-0.10,-0.62,-1.95,-1.94,-1.93
450.42,-1.88,0.04,-1.88,0.04,-0.05,-0.08,-0.61,-1.92,-1.92,-1.92
454.93,-1.88,0.02,-1.88,0.02,-0.03,-0.07,-0.61,-1.91,-1.91,-1.90
459.48,-1.88,0.01,-1.87,0.02,-0.03,-0.07,-0.60,-1.90,-1.89,-1.89
464.07,-1.84,0.04,-1.85,0.03,-0.03,-0.07,-0.60,-1.87,-1.88,-1.88
468.71,-1.83,0.03,-1.82,0.05,-0.05,-0.08,-0.59,-1.88,-1.87,-1.86
473.40,-1.78,0.07,-1.78,0.07,-0.07,-0.10,-0.59,-1.85,-1.85,-1.85
478.13,-1.73,0.10,-1.73,0.10,-0.11,-0.13,-0.59,-1.83,-1.84,-1.83
482.91,-1.68,0.14,-1.67,0.15,-0.14,-0.16,-0.58,-1.81,-1.81,-1.82
487.74,-1.62,0.18,-1.61,0.19,-0.18,-0.19,-0.58,-1.79,-1.79,-1.80
492.62,-1.55,0.23,-1.56,0.22,-0.22,-0.23,-0.58,-1.76,-1.78,-1.78
497.55,-1.51,0.26,-1.51,0.26,-0.26,-0.27,-0.58,-1.76,-1.76,-1.77
502.52,-1.47,0.28,-1.45,0.30,-0.30,-0.31,-0.57,-1.77,-1.75,-1.75
507.55,-1.40,0.34,-1.40,0.34,-0.34,-0.36,-0.57,-1.74,-1.74,-1.74
512.62,-1.34,0.38,-1.34,0.38,-0.38,-0.40,-0.57,-1.72,-1.72,-1.72
517.75,-1.29,0.41,-1.28,0.42,-0.42,-0.44,-0.57,-1.71,-1.70,-1.70
522.93,-1.23,0.45,-1.22,0.46,-0.46,-0.48,-0.57,-1.68,-1.68,-1.68
528.16,-1.16,0.51,-1.16,0.50,-0.49,-0.52,-0.57,-1.65,-1.66,-1.67
533.44,-1.12,0.53,-1.11,0.54,-0.53,-0.56,-0.57,-1.64,-1.64,-1.65
538.77,-1.06,0.57,-1.06,0.57,-0.56,-0.60,-0.57,-1.62,-1.63,-1.63
544.16,-1.03,0.58,-1.02,0.59,-0.59,-0.64,-0.57,-1.62,-1.61,-1.61
549.60,-0.98,0.61,-0.97,0.62,-0.62,-0.67,-0.57,-1.60,-1.60,-1.59
555.10,-0.93,0.65,-0.93,0.65,-0.65,-0.70,-0.57,-1.58,-1.58,-1.58
560.65,-0.88,0.68,-0.88,0.68,-0.68,-0.73,-0.57,-1.56,-1.56,-1.56
566.25,-0.84,0.70,-0.84,0.71,-0.71,-0.76,-0.57,-1.55,-1.55,-1.54
571.92,-0.80,0.73,-0.79,0.74,-0.74,-0.79,-0.57,-1.54,-1.53,-1.53
577.64,-0.75,0.77,-0.75,0.77,-0.77,-0.82,-0.57,-1.52,-1.52,-1.52
583.41,-0.70,0.80,-0.70,0.80,-0.80,-0.84,-0.57,-1.50,-1.50,-1.50
589.25,-0.67,0.82,-0.66,0.83,-0.83,-0.87,-0.58,-1.49,-1.48,-1.49
595.14,-0.62,0.85,-0.62,0.86,-0.85,-0.89,-0.58,-1.46,-1.47,-1.47
601.09,-0.58,0.88,-0.58,0.88,-0.87,-0.92,-0.58,-1.44,-1.45,-1.46
607.10,-0.55,0.89,-0.54,0.89,-0.88,-0.94,-0.59,-1.43,-1.42,-1.44
613.17,-0.53,0.89,-0.52,0.90,-0.89,-0.96,-0.59,-1.42,-1.41,-1.42
619.30,-0.49,0.91,-0.50,0.90,-0.90,-0.98,-0.60,-1.39,-1.40,-1.40
625.50,-0.49,0.89,-0.48,0.91,-0.91,-1.00,-0.60,-1.40,-1.39,-1.38
631.75,-0.45,0.92,-0.45,0.92,-0.92,-1.03,-0.61,-1.37,-1.37,-1.37
638.07,-0.43,0.92,-0.42,0.93,-0.94,-1.05,-0.62,-1.37,-1.36,-1.35
644.45,-0.38,0.96,-0.38,0.96,-0.96,-1.07,-0.62,-1.34,-1.34,-1.34
650.89,-0.34,0.98,-0.34,0.99,-0.99,-1.09,-0.63,-1.32,-1.32,-1.32
657.40,-0.29,1.02,-0.28,1.02,-1.02,-1.11,-0.64,-1.31,-1.30,-1.31
663.98,-0.23,1.06,-0.23,1.06,-1.06,-1.13,-0.65,-1.29,-1.29,-1.29
670.62,-0.17,1.11,-0.17,1.11,-1.11,-1.16,-0.66,-1.28,-1.28,-1.28
677.32,-0.12,1.15,-0.10,1.16,-1.16,-1.18,-0.67,-1.28,-1.27,-1.27
684.10,-0.04,1.22,-0.04,1.21,-1.22,-1.20,-0.68,-1.26,-1.27,-1.26
690.94,0.03,1.27,0.03,1.27,-1.29,-1.23,-0.69,-1.25,-1.26,-1.24
697.85,0.09,1.32,0.11,1.34,-1.35,-1.25,-0.71,-1.26,-1.24,-1.23
704.83,0.18,1.40,0.18,1.40,-1.41,-1.28,-0.72,-1.22,-1.23,-1.22
711.87,0.25,1.46,0.25,1.46,-1.45,-1.30,-0.73,-1.20,-1.20,-1.21
718.99,0.31,1.51,0.32,1.52,-1.49,-1.33,-0.75,-1.17,-1.17,-1.20
726.18,0.35,1.54,0.36,1.54,-1.50,-1.35,-0.76,-1.15,-1.15,-1.19
733.44,0.38,1.56,0.37,1.54,-1.51,-1.38,-0.78,-1.12,-1.14,-1.18
740.78,0.34,1.50,0.35,1.51,-1.50,-1.40,-0.79,-1.15,-1.15,-1.16
748.19,0.31,1.46,0.32,1.47,-1.48,-1.43,-0.81,-1.16,-1.16,-1.15
755.67,0.27,1.42,0.28,1.42,-1.45,-1.45,-0.83,-1.18,-1.17,-1.15
763.23,0.25,1.39,0.26,1.39,-1.42,-1.47,-0.84,-1.17,-1.17,-1.14
770.86,0.24,1.37,0.25,1.37,-1.39,-1.49,-0.86,-1.15,-1.15,-1.13
778.57,0.24,1.36,0.25,1.37,-1.37,-1.50,-0.88,-1.12,-1.12,-1.12
786.35,0.25,1.36,0.25,1.36,-1.35,-1.51,-0.90,-1.10,-1.10,-1.11
794.22,0.25,1.36,0.25,1.36,-1.35,-1.52,-0.92,-1.09,-1.09,-1.11
802.16,0.25,1.35,0.25,1.35,-1.35,-1.52,-0.93,-1.09,-1.10,-1.10
810.18,0.25,1.34,0.26,1.35,-1.36,-1.52,-0.95,-1.11,-1.10,-1.09
818.28,0.26,1.35,0.27,1.35,-1.38,-1.51,-0.97,-1.11,-1.11,-1.09
826.46,0.29,1.37,0.29,1.37,-1.40,-1.50,-0.99,-1.10,-1.10,-1.08
834.73,0.32,1.40,0.33,1.41,-1.42,-1.48,-1.00,-1.10,-1.09,-1.08
843.08,0.37,1.44,0.37,1.44,-1.44,-1.46,-1.02,-1.06,-1.07,-1.07
851.51,0.40,1.47,0.40,1.47,-1.45,-1.43,-1.04,-1.05,-1.05,-1.07
860.02,0.42,1.48,0.42,1.49,-1.46,-1.40,-1.05,-1.03,-1.03,-1.06
868.62,0.42,1.48,0.42,1.48,-1.45,-1.36,-1.06,-1.03,-1.03,-1.06
877.31,0.40,1.45,0.40,1.45,-1.43,-1.32,-1.08,-1.03,-1.03,-1.05
886.08,0.36,1.40,0.36,1.40,-1.40,-1.27,-1.09,-1.03,-1.03,-1.04
894.94,0.31,1.34,0.32,1.35,-1.35,-1.23,-1.10,-1.04,-1.04,-1.03
903.89,0.26,1.29,0.27,1.29,-1.30,-1.18,-1.10,-1.04,-1.04,-1.03
912.93,0.21,1.23,0.22,1.24,-1.25,-1.13,-1.11,-1.04,-1.03,-1.02
922.06,0.18,1.19,0.18,1.19,-1.20,-1.08,-1.11,-1.02,-1.02,-1.01
931.28,0.13,1.14,0.14,1.15,-1.16,-1.03,-1.11,-1.02,-1.02,-1.01
940.59,0.12,1.12,0.11,1.11,-1.12,-0.98,-1.11,-1.00,-1.01,-1.00
950.00,0.07,1.06,0.09,1.08,-1.09,-0.93,-1.10,-1.01,-1.00,-0.99
959.50,0.07,1.05,0.08,1.05,-1.06,-0.87,-1.09,-0.98,-0.98,-0.98
969.09,0.07,1.03,0.07,1.03,-1.03,-0.82,-1.08,-0.96,-0.96,-0.96
978.78,0.06,1.01,0.06,1.01,-1.00,-0.77,-1.06,-0.93,-0.94,-0.95
988.57,0.03,0.97,0.04,0.97,-0.97,-0.72,-1.04,-0.93,-0.93,-0.94
998.46,0.00,0.92,0.01,0.93,-0.93,-0.67,-1.02,-0.92,-0.92,-0.92
1008.44,-0.03,0.87,-0.03,0.87,-0.88,-0.62,-1.00,-0.90,-0.91,-0.90
1018.53,-0.08,0.80,-0.07,0.81,-0.81,-0.57,-0.96,-0.89,-0.88,-0.88
1028.71,-0.12,0.74,-0.11,0.75,-0.73,-0.52,-0.93,-0.84,-0.84,-0.86
1039.00,-0.18,0.66,-0.18,0.66,-0.63,-0.47,-0.89,-0.81,-0.81,-0.84
1049.39,-0.25,0.57,-0.26,0.56,-0.52,-0.42,-0.86,-0.77,-0.78,-0.82
1059.88,-0.38,0.42,-0.37,0.43,-0.41,-0.37,-0.81,-0.78,-0.77,-0.80
1070.48,-0.48,0.29,-0.48,0.29,-0.29,-0.32,-0.77,-0.77,-0.77,-0.77
1081.19,-0.60,0.14,-0.59,0.15,-0.19,-0.28,-0.71,-0.78,-0.78,-0.74
1092.00,-0.68,0.03,-0.67,0.04,-0.09,-0.23,-0.66,-0.76,-0.76,-0.71
1102.92,-0.73,-0.05,-0.72,-0.05,-0.00,-0.18,-0.60,-0.73,-0.73,-0.68
1113.95,-0.75,-0.10,-0.74,-0.10,0.07,-0.13,-0.55,-0.67,-0.67,-0.65
1125.09,-0.75,-0.14,-0.74,-0.13,0.13,-0.08,-0.48,-0.61,-0.61,-0.61
1136.34,-0.73,-0.16,-0.73,-0.16,0.18,-0.03,-0.42,-0.55,-0.55,-0.57
1147.70,-0.71,-0.19,-0.72,-0.20,0.22,0.02,-0.35,-0.49,-0.50,-0.52
1159.18,-0.73,-0.25,-0.72,-0.24,0.26,0.08,-0.28,-0.46,-0.46,-0.48
1170.77,-0.75,-0.31,-0.74,-0.30,0.31,0.13,-0.21,-0.43,-0.43,-0.44
1182.48,-0.75,-0.36,-0.76,-0.37,0.37,0.18,-0.14,-0.38,-0.39,-0.39
1194.30,-0.79,-0.45,-0.77,-0.43,0.44,0.24,-0.07,-0.35,-0.34,-0.34
1206.25,-0.79,-0.50,-0.79,-0.51,0.51,0.29,0.01,-0.27,-0.28,-0.29
1218.31,-0.83,-0.60,-0.83,-0.59,0.60,0.35,0.09,-0.23,-0.23,-0.23
1230.49,-0.86,-0.68,-0.86,-0.68,0.68,0.41,0.17,-0.17,-0.18,-0.18
1242.80,-0.91,-0.78,-0.90,-0.78,0.77,0.47,0.25,-0.14,-0.13,-0.13
1255.22,-0.94,-0.87,-0.93,-0.86,0.85,0.53,0.33,-0.09,-0.09,-0.07
1267.78,-0.97,-0.96,-0.97,-0.96,0.93,0.59,0.42,-0.03,-0.04,-0.01
1280.45,-0.99,-1.04,-0.98,-1.04,1.01,0.66,0.50,0.03,0.03,0.05
1293.26,-1.01,-1.13,-1.00,-1.12,1.10,0.73,0.59,0.10,0.10,0.12
1306.19,-1.01,-1.19,-1.01,-1.20,1.20,0.80,0.67,0.20,0.19,0.18
1319.25,-1.05,-1.30,-1.04,-1.29,1.32,0.87,0.76,0.27,0.28,0.25
1332.45,-1.08,-1.40,-1.08,-1.40,1.45,0.94,0.85,0.38,0.37,0.32
1345.77,-1.17,-1.56,-1.16,-1.56,1.61,1.02,0.94,0.44,0.44,0.39
1359.23,-1.27,-1.73,-1.27,-1.74,1.78,1.10,1.04,0.52,0.51,0.46
1372.82,-1.42,-1.96,-1.42,-1.96,1.97,1.18,1.13,0.55,0.55,0.54
1386.55,-1.57,-2.18,-1.56,-2.17,2.16,1.27,1.22,0.60,0.60,0.61
1400.41,-1.71,-2.39,-1.70,-2.38,2.35,1.36,1.32,0.64,0.65,0.68
1414.42,-1.80,-2.55,-1.80,-2.56,2.52,1.45,1.42,0.72,0.72,0.75
1428.56,-1.89,-2.72,-1.88,-2.71,2.67,1.54,1.51,0.78,0.79,0.83
1442.85,-1.92,-2.82,-1.91,-2.81,2.78,1.64,1.61,0.86,0.87,0.90
1457.28,-1.92,-2.89,-1.92,-2.89,2.86,1.74,1.71,0.94,0.94,0.97
1471.85,-1.88,-2.92,-1.88,-2.92,2.90,1.84,1.82,1.03,1.02,1.04
1486.57,-1.83,-2.94,-1.82,-2.93,2.92,1.95,1.92,1.10,1.10,1.11
1501.43,-1.74,-2.93,-1.73,-2.93,2.93,2.06,2.02,1.19,1.20,1.19
1516.45,-1.64,-2.92,-1.63,-2.91,2.93,2.18,2.13,1.29,1.29,1.28
1531.61,-1.53,-2.89,-1.53,-2.90,2.92,2.30,2.23,1.40,1.39,1.36
1546.93,-1.45,-2.90,-1.45,-2.90,2.93,2.42,2.34,1.48,1.48,1.45
1562.40,-1.38,-2.92,-1.38,-2.92,2.94,2.55,2.44,1.56,1.56,1.54
1578.02,-1.34,-2.97,-1.33,-2.96,2.96,2.68,2.55,1.63,1.63,1.63
1593.80,-1.29,-3.00,-1.28,-3.00,3.00,2.81,2.66,1.72,1.72,1.71
1609.74,-1.24,-3.05,-1.24,-3.05,3.05,2.94,2.77,1.82,1.82,1.81
1625.84,-1.19,-3.10,-1.20,-3.11,3.11,3.08,2.87,1.92,1.91,1.91
1642.10,-1.18,-3.19,-1.17,-3.18,3.17,3.22,2.98,1.99,2.00,2.01
1658.52,-1.14,-3.26,-1.14,-3.26,3.23,3.36,3.08,2.10,2.09,2.12
1675.10,-1.12,-3.34,-1.11,-3.33,3.30,3.50,3.19,2.19,2.20,2.22
1691.85,-1.07,-3.39,-1.05,-3.38,3.38,3.64,3.29,2.31,2.33,2.32
1708.77,-1.00,-3.43,-1.01,-3.44,3.46,3.78,3.39,2.47,2.45,2.43
1725.86,-0.97,-3.51,-0.97,-3.52,3.55,3.92,3.49,2.59,2.58,2.54
1743.12,-0.97,-3.63,-0.96,-3.62,3.65,4.05,3.58,2.68,2.69,2.66
1760.55,-0.97,-3.74,-0.96,-3.74,3.75,4.18,3.68,2.78,2.78,2.77
1778.15,-0.97,-3.86,-0.96,-3.85,3.84,4.30,3.76,2.88,2.88,2.89
1795.94,-0.95,-3.95,-0.95,-3.95,3.93,4.42,3.85,2.99,2.98,3.00
1813.90,-0.92,-4.04,-0.92,-4.04,4.01,4.52,3.92,3.09,3.09,3.12
1832.03,-0.90,-4.14,-0.87,-4.12,4.07,4.61,3.99,3.17,3.19,3.24
1850.36,-0.79,-4.16,-0.80,-4.17,4.12,4.69,4.05,3.33,3.32,3.37
1868.86,-0.71,-4.20,-0.69,-4.18,4.16,4.76,4.11,3.45,3.47,3.49
1887.55,-0.57,-4.18,-0.57,-4.18,4.20,4.80,4.16,3.63,3.63,3.61
1906.42,-0.46,-4.19,-0.47,-4.20,4.25,4.83,4.20,3.79,3.78,3.73
1925.49,-0.38,-4.24,-0.38,-4.25,4.32,4.84,4.23,3.94,3.93,3.86
1944.74,-0.36,-4.35,-0.34,-4.33,4.40,4.84,4.25,4.05,4.06,3.99
1964.19,-0.32,-4.44,-0.33,-4.45,4.51,4.80,4.26,4.20,4.18,4.12
1983.83,-0.34,-4.58,-0.34,-4.58,4.62,4.76,4.26,4.29,4.29,4.24
2003.67,-0.36,-4.73,-0.36,-4.73,4.73,4.69,4.25,4.37,4.36,4.37
2023.71,-0.38,-4.85,-0.39,-4.86,4.80,4.61,4.23,4.43,4.42,4.47
2043.94,-0.39,-4.97,-0.36,-4.94,4.84,4.50,4.20,4.45,4.48,4.58
2064.38,-0.26,-4.95,-0.25,-4.94,4.82,4.38,4.16,4.57,4.58,4.69
2085.03,-0.06,-4.85,-0.04,-4.84,4.75,4.25,4.11,4.70,4.71,4.79
2105.88,0.24,-4.66,0.23,-4.67,4.64,4.10,4.05,4.88,4.87,4.90
2126.94,0.55,-4.45,0.55,-4.46,4.48,3.94,3.98,5.03,5.02,5.00
2148.20,0.86,-4.25,0.87,-4.24,4.29,3.78,3.90,5.15,5.16,5.11
2169.69,1.19,-4.02,1.19,-4.02,4.09,3.60,3.81,5.28,5.28,5.21
2191.38,1.49,-3.82,1.49,-3.82,3.89,3.42,3.72,5.38,5.38,5.31
2213.30,1.76,-3.65,1.77,-3.65,3.69,3.24,3.62,5.46,5.46,5.41
2235.43,2.03,-3.49,2.03,-3.49,3.51,3.05,3.51,5.54,5.53,5.52
2257.78,2.27,-3.35,2.28,-3.34,3.32,2.86,3.40,5.60,5.60,5.62
2280.36,2.55,-3.16,2.55,-3.16,3.13,2.66,3.28,5.69,5.69,5.71
2303.17,2.83,-2.98,2.85,-2.97,2.93,2.47,3.16,5.76,5.77,5.81
2326.20,3.17,-2.74,3.17,-2.74,2.71,2.28,3.03,5.88,5.88,5.91
2349.46,3.50,-2.51,3.51,-2.50,2.47,2.09,2.90,5.97,5.97,6.01
2372.95,3.86,-2.23,3.86,-2.23,2.21,1.90,2.77,6.07,6.07,6.09
2396.68,4.21,-1.96,4.22,-1.95,1.94,1.71,2.64,6.15,6.16,6.17
2420.65,4.57,-1.67,4.58,-1.67,1.67,1.52,2.50,6.25,6.25,6.24
2444.86,4.93,-1.39,4.93,-1.39,1.42,1.34,2.36,6.36,6.35,6.32
2469.31,5.25,-1.14,5.26,-1.13,1.19,1.16,2.22,6.45,6.46,6.39
2494.00,5.56,-0.91,5.56,-0.91,0.99,0.99,2.08,6.55,6.55,6.47
2518.94,5.83,-0.71,5.81,-0.73,0.79,0.81,1.93,6.63,6.60,6.54
2544.13,6.02,-0.58,6.02,-0.58,0.61,0.64,1.79,6.63,6.63,6.60
2569.57,6.19,-0.47,6.21,-0.45,0.41,0.48,1.65,6.61,6.63,6.66
2595.27,6.43,-0.30,6.42,-0.30,0.21,0.31,1.50,6.64,6.63,6.73
2621.22,6.67,-0.12,6.70,-0.10,-0.01,0.15,1.36,6.66,6.68,6.79
2647.43,7.01,0.16,7.03,0.17,-0.25,-0.01,1.21,6.76,6.77,6.85
2673.90,7.40,0.49,7.40,0.49,-0.51,-0.16,1.07,6.89,6.89,6.91
2700.64,7.78,0.82,7.78,0.82,-0.78,-0.31,0.92,7.01,7.00,6.96
2727.65,8.14,1.12,8.13,1.12,-1.04,-0.46,0.78,7.10,7.09,7.02
2754.93,8.44,1.37,8.44,1.37,-1.30,-0.61,0.64,7.14,7.14,7.07
2782.48,8.70,1.58,8.71,1.59,-1.54,-0.75,0.49,7.17,7.17,7.12
2810.30,8.93,1.76,8.93,1.76,-1.75,-0.89,0.35,7.19,7.18,7.17
2838.40,9.13,1.92,9.13,1.92,-1.93,-1.03,0.20,7.20,7.20,7.21
2866.79,9.29,2.05,9.31,2.06,-2.09,-1.16,0.06,7.20,7.22,7.24
2895.46,9.48,2.20,9.48,2.20,-2.23,-1.29,-0.09,7.25,7.24,7.28
2924.41,9.64,2.33,9.65,2.34,-2.37,-1.42,-0.23,7.28,7.29,7.31
2953.65,9.82,2.48,9.83,2.48,-2.49,-1.54,-0.37,7.33,7.33,7.34
2983.19,9.99,2.61,9.98,2.60,-2.61,-1.66,-0.52,7.39,7.37,7.38
3013.02,10.11,2.70,10.12,2.71,-2.71,-1.78,-0.66,7.41,7.41,7.41
3043.15,10.22,2.77,10.24,2.79,-2.78,-1.90,-0.80,7.45,7.46,7.45
3073.58,10.34,2.86,10.34,2.85,-2.82,-2.01,-0.95,7.52,7.52,7.48
3104.32,10.41,2.89,10.41,2.89,-2.83,-2.12,-1.09,7.58,7.58,7.52
3135.36,10.43,2.88,10.43,2.88,-2.82,-2.23,-1.23,7.62,7.61,7.55
3166.72,10.40,2.82,10.39,2.81,-2.79,-2.33,-1.38,7.62,7.60,7.58
3198.38,10.32,2.73,10.32,2.73,-2.75,-2.43,-1.52,7.58,7.58,7.59
3230.37,10.23,2.62,10.26,2.65,-2.70,-2.52,-1.66,7.53,7.55,7.61
3262.67,10.21,2.59,10.21,2.59,-2.66,-2.61,-1.80,7.55,7.55,7.62
3295.30,10.21,2.57,10.22,2.58,-2.63,-2.70,-1.94,7.59,7.59,7.64
3328.25,10.23,2.58,10.25,2.60,-2.61,-2.78,-2.07,7.63,7.64,7.65
3361.53,10.29,2.63,10.27,2.61,-2.60,-2.85,-2.21,7.69,7.67,7.66
3395.15,10.30,2.64,10.28,2.62,-2.61,-2.93,-2.34,7.70,7.67,7.66
3429.10,10.25,2.59,10.29,2.63,-2.61,-2.99,-2.47,7.64,7.68,7.66
3463.39,10.28,2.63,10.29,2.63,-2.61,-3.06,-2.60,7.67,7.67,7.65
3498.03,10.30,2.65,10.29,2.63,-2.61,-3.11,-2.72,7.70,7.68,7.65
3533.01,10.27,2.62,10.27,2.62,-2.59,-3.16,-2.84,7.68,7.68,7.65
3568.34,10.22,2.58,10.21,2.57,-2.57,-3.21,-2.96,7.65,7.63,7.64
3604.02,10.12,2.51,10.13,2.52,-2.55,-3.25,-3.07,7.57,7.58,7.61
3640.06,10.05,2.46,10.08,2.49,-2.52,-3.28,-3.17,7.53,7.56,7.59
3676.46,10.04,2.47,10.05,2.48,-2.48,-3.31,-3.26,7.56,7.57,7.57
3713.22,10.04,2.50,10.03,2.49,-2.43,-3.33,-3.35,7.61,7.60,7.54
3750.36,10.00,2.48,10.00,2.48,-2.40,-3.34,-3.43,7.61,7.60,7.52
3787.86,9.93,2.45,9.92,2.44,-2.39,-3.35,-3.51,7.55,7.54,7.48
3825.74,9.83,2.39,9.82,2.38,-2.42,-3.35,-3.57,7.42,7.41,7.44
3864.00,9.74,2.34,9.75,2.35,-2.49,-3.35,-3.63,7.26,7.27,7.40
3902.64,9.72,2.36,9.77,2.40,-2.58,-3.34,-3.67,7.14,7.18,7.36
3941.66,9.87,2.54,9.88,2.55,-2.70,-3.32,-3.70,7.18,7.18,7.33
3981.08,10.07,2.78,10.07,2.78,-2.81,-3.30,-3.73,7.26,7.26,7.29
4020.89,10.25,3.01,10.26,3.03,-2.91,-3.27,-3.74,7.35,7.36,7.24
4061.10,10.41,3.23,10.36,3.18,-2.97,-3.24,-3.74,7.44,7.39,7.18
4101.71,10.34,3.22,10.34,3.21,-2.98,-3.20,-3.73,7.36,7.35,7.12
4142.73,10.18,3.11,10.19,3.13,-2.95,-3.15,-3.71,7.24,7.25,7.07
4184.15,9.97,2.96,9.97,2.96,-2.88,-3.10,-3.69,7.10,7.09,7.01
4226.00,9.72,2.77,9.73,2.77,-2.80,-3.04,-3.65,6.92,6.93,6.95
4268.26,9.51,2.62,9.50,2.61,-2.76,-2.98,-3.60,6.75,6.73,6.89
4310.94,9.33,2.52,9.35,2.53,-2.79,-2.91,-3.54,6.54,6.55,6.81
4354.05,9.30,2.57,9.36,2.62,-2.92,-2.84,-3.48,6.38,6.44,6.73
4397.59,9.51,2.85,9.53,2.87,-3.13,-2.76,-3.41,6.39,6.40,6.66
4441.56,9.86,3.28,9.84,3.26,-3.38,-2.68,-3.33,6.48,6.46,6.58
4485.98,10.20,3.70,10.23,3.73,-3.64,-2.59,-3.25,6.57,6.59,6.50
4530.84,10.54,4.12,10.55,4.13,-3.86,-2.50,-3.16,6.68,6.69,6.42
4576.15,10.77,4.44,10.70,4.36,-4.02,-2.40,-3.06,6.75,6.68,6.33
4621.91,10.65,4.40,10.63,4.38,-4.10,-2.30,-2.97,6.55,6.53,6.25
4668.13,10.34,4.18,10.36,4.19,-4.10,-2.19,-2.86,6.25,6.26,6.16
4714.81,9.94,3.87,9.96,3.88,-4.00,-2.08,-2.76,5.95,5.96,6.07
4761.96,9.55,3.56,9.58,3.59,-3.81,-1.96,-2.65,5.74,5.76,5.99
4809.58,9.22,3.33,9.26,3.37,-3.55,-1.84,-2.54,5.68,5.71,5.89
4857.67,8.99,3.19,9.00,3.20,-3.24,-1.70,-2.43,5.76,5.76,5.80
4906.25,8.75,3.04,8.73,3.02,-2.92,-1.57,-2.32,5.84,5.81,5.71
4955.31,8.39,2.78,8.37,2.75,-2.60,-1.42,-2.20,5.79,5.76,5.61
5004.87,7.91,2.39,7.88,2.36,-2.30,-1.26,-2.09,5.61,5.58,5.52
5054.91,7.32,1.88,7.35,1.91,-1.97,-1.10,-1.97,5.36,5.38,5.44
5105.46,6.79,1.43,6.84,1.48,-1.59,-0.92,-1.86,5.20,5.25,5.36
5156.52,6.40,1.11,6.43,1.14,-1.19,-0.74,-1.75,5.22,5.24,5.29
5208.08,6.05,0.84,6.06,0.85,-0.77,-0.54,-1.63,5.28,5.29,5.21
5260.16,5.70,0.57,5.65,0.52,-0.36,-0.33,-1.52,5.34,5.29,5.13
5312.77,5.12,0.07,5.09,0.04,0.02,-0.10,-1.40,5.15,5.11,5.05
5365.89,4.40,-0.57,4.40,-0.57,0.38,0.14,-1.29,4.79,4.78,4.97
5419.55,3.56,-1.33,3.62,-1.28,0.72,0.39,-1.18,4.28,4.34,4.89
5473.75,2.84,-1.98,2.83,-1.99,1.04,0.67,-1.07,3.89,3.87,4.82
5528.49,2.07,-2.67,2.09,-2.65,1.35,0.96,-0.95,3.43,3.44,4.74
5583.77,1.35,-3.31,1.38,-3.29,1.65,1.26,-0.84,3.00,3.03,4.66
5639.61,0.72,-3.88,0.68,-3.92,1.92,1.58,-0.73,2.64,2.60,4.60
5696.00,0.00,-4.53,0.03,-4.51,2.19,1.90,-0.62,2.20,2.22,4.53
5752.96,-0.57,-5.04,-0.53,-5.01,2.47,2.22,-0.51,1.90,1.93,4.47
5810.49,-0.98,-5.39,-0.88,-5.30,2.74,2.53,-0.40,1.76,1.85,4.41
5868.60,-1.07,-5.42,-0.96,-5.32,2.97,2.83,-0.29,1.90,2.00,4.35
5927.28,-0.85,-5.14,-0.82,-5.11,3.14,3.06,-0.18,2.29,2.31,4.29
5986.56,-0.60,-4.82,-0.53,-4.75,3.23,3.29,-0.07,2.64,2.70,4.22
6046.42,-0.29,-4.43,-0.19,-4.34,3.25,3.39,0.04,2.97,3.06,4.14
6106.89,0.04,-4.01,0.14,-3.92,3.19,3.48,0.15,3.24,3.33,4.05
6167.96,0.35,-3.61,0.47,-3.49,3.06,3.44,0.26,3.41,3.53,3.96
6229.64,0.66,-3.21,0.80,-3.08,2.86,3.38,0.37,3.53,3.67,3.87
6291.93,0.98,-2.80,1.12,-2.67,2.63,3.22,0.48,3.61,3.75,3.78
6354.85,1.26,-2.44,1.40,-2.31,2.36,3.05,0.59,3.62,3.76,3.70
6418.40,1.52,-2.10,1.62,-2.01,2.07,2.83,0.70,3.60,3.70,3.62
6482.58,1.65,-1.90,1.77,-1.79,1.80,2.60,0.81,3.46,3.57,3.55
6547.41,1.76,-1.71,1.88,-1.61,1.57,2.37,0.91,3.33,3.45,3.47
6612.88,1.85,-1.54,1.98,-1.42,1.35,2.14,1.02,3.21,3.34,3.39
6679.01,2.09,-1.22,2.12,-1.21,1.16,1.93,1.13,3.26,3.28,3.31
6745.80,2.33,-0.90,2.26,-0.98,1.00,1.72,1.24,3.34,3.26,3.23
6813.26,2.58,-0.56,2.36,-0.79,0.88,1.55,1.34,3.46,3.23,3.14
6881.39,2.79,-0.25,2.37,-0.68,0.79,1.38,1.45,3.58,3.15,3.04
6950.21,2.87,-0.08,2.29,-0.66,0.73,1.24,1.55,3.60,3.02,2.95
7019.71,2.81,-0.05,2.15,-0.70,0.70,1.11,1.65,3.52,2.86,2.86
7089.91,2.78,0.01,2.00,-0.75,0.71,1.01,1.74,3.49,2.71,2.77
7160.81,2.79,0.12,1.85,-0.79,0.74,0.91,1.84,3.54,2.59,2.67
7232.41,2.90,0.34,1.70,-0.83,0.79,0.84,1.92,3.69,2.49,2.56
7304.74,2.98,0.53,1.55,-0.86,0.84,0.78,2.01,3.83,2.40,2.45
7377.79,3.07,0.73,1.40,-0.89,0.89,0.74,2.09,3.96,2.29,2.34
7451.56,3.13,0.90,1.25,-0.93,0.93,0.70,2.16,4.06,2.18,2.23
7526.08,3.06,0.94,1.10,-0.96,0.96,0.69,2.23,4.02,2.06,2.12
7601.34,2.96,0.94,0.94,-1.00,0.99,0.68,2.29,3.96,1.94,2.02
7677.35,2.85,0.93,0.79,-1.03,1.03,0.69,2.34,3.89,1.82,1.92
7754.13,2.72,0.90,0.63,-1.07,1.08,0.70,2.38,3.80,1.71,1.82
7831.67,2.62,0.90,0.46,-1.12,1.13,0.74,2.41,3.75,1.59,1.72
7909.98,2.54,0.92,0.28,-1.18,1.19,0.78,2.44,3.73,1.46,1.62
7989.08,2.48,0.96,0.09,-1.24,1.25,0.84,2.45,3.74,1.34,1.52
8068.98,2.41,1.00,-0.11,-1.31,1.32,0.90,2.46,3.74,1.21,1.41
8149.67,2.25,0.95,-0.31,-1.39,1.39,0.98,2.45,3.65,1.08,1.30
8231.16,2.06,0.88,-0.51,-1.46,1.46,1.06,2.43,3.53,0.95,1.18
8313.47,1.82,0.75,-0.71,-1.53,1.53,1.16,2.40,3.35,0.82,1.07
8396.61,1.64,0.68,-0.89,-1.59,1.58,1.25,2.37,3.23,0.69,0.96
8480.57,1.43,0.58,-1.07,-1.64,1.63,1.36,2.32,3.06,0.56,0.85
8565.38,1.24,0.52,-1.22,-1.67,1.65,1.46,2.27,2.90,0.43,0.72
8651.03,0.90,0.31,-1.36,-1.68,1.67,1.56,2.21,2.57,0.30,0.59
8737.54,0.37,-0.09,-1.48,-1.67,1.66,1.66,2.14,2.04,0.18,0.46
8824.92,-0.33,-0.66,-1.58,-1.65,1.64,1.72,2.06,1.32,0.06,0.33
8913.17,-1.20,-1.40,-1.67,-1.61,1.61,1.79,1.98,0.42,-0.05,0.20
9002.30,-2.05,-2.13,-1.75,-1.57,1.58,1.80,1.89,-0.47,-0.17,0.08
9092.32,-2.79,-2.72,-1.82,-1.52,1.54,1.81,1.80,-1.24,-0.28,-0.07
9183.25,-3.38,-3.16,-1.90,-1.48,1.50,1.75,1.71,-1.87,-0.40,-0.22
9275.08,-3.83,-3.46,-1.98,-1.44,1.46,1.68,1.61,-2.36,-0.52,-0.37
9367.83,-4.33,-3.82,-2.06,-1.41,1.42,1.55,1.51,-2.91,-0.64,-0.51
9461.51,-4.78,-4.12,-2.14,-1.37,1.37,1.41,1.41,-3.41,-0.77,-0.66
9556.12,-5.27,-4.45,-2.21,-1.33,1.31,1.22,1.30,-3.96,-0.90,-0.82
9651.68,-5.63,-4.63,-2.26,-1.27,1.24,1.02,1.20,-4.39,-1.02,-1.00
9748.20,-5.68,-4.51,-2.29,-1.19,1.17,0.79,1.09,-4.51,-1.12,-1.17
9845.68,-5.51,-4.16,-2.30,-1.10,1.08,0.57,0.99,-4.42,-1.21,-1.35
9944.14,-5.29,-3.77,-2.28,-0.98,1.00,0.33,0.88,-4.29,-1.29,-1.52
10043.58,-4.95,-3.26,-2.26,-0.86,0.91,0.10,0.78,-4.04,-1.36,-1.69
10144.02,-4.44,-2.58,-2.36,-0.79,0.81,-0.13,0.67,-3.62,-1.55,-1.86
10245.46,-3.72,-1.69,-2.46,-0.72,0.73,-0.36,0.57,-2.99,-1.74,-2.03
10347.91,-2.83,-0.63,-2.56,-0.64,0.64,-0.57,0.46,-2.19,-1.92,-2.20
10451.39,-1.90,0.47,-2.66,-0.57,0.56,-0.78,0.36,-1.34,-2.10,-2.37
10555.91,-1.12,1.42,-2.76,-0.49,0.48,-0.97,0.25,-0.64,-2.28,-2.54
10661.46,-0.54,2.18,-2.86,-0.41,0.40,-1.16,0.15,-0.13,-2.46,-2.72
10768.08,-0.56,2.36,-2.96,-0.32,0.32,-1.33,0.04,-0.23,-2.64,-2.92
10875.76,-1.19,1.92,-3.06,-0.24,0.24,-1.50,-0.06,-0.95,-2.82,-3.11
10984.52,-2.02,1.29,-3.16,-0.15,0.15,-1.66,-0.17,-1.87,-3.01,-3.31
11094.36,-3.03,0.48,-3.26,-0.06,0.06,-1.81,-0.27,-2.97,-3.20,-3.51
11205.31,-4.17,-0.47,-3.36,0.04,-0.04,-1.95,-0.38,-4.20,-3.40,-3.70
11317.36,-5.12,-1.20,-3.46,0.13,-0.13,-2.08,-0.48,-5.25,-3.59,-3.92
11430.53,-5.84,-1.70,-3.56,0.23,-0.23,-2.21,-0.59,-6.06,-3.79,-4.14
11544.84,-6.35,-2.00,-3.66,0.33,-0.33,-2.33,-0.70,-6.67,-3.99,-4.35
11660.29,-5.94,-1.37,-3.77,0.43,-0.43,-2.44,-0.81,-6.36,-4.20,-4.57
11776.89,-5.03,-0.24,-3.87,0.53,-0.53,-2.55,-0.93,-5.56,-4.40,-4.79
11894.66,-3.82,1.16,-3.97,0.64,-0.64,-2.64,-1.04,-4.45,-4.61,-4.98
12013.60,-2.41,2.77,-4.07,0.75,-0.75,-2.74,-1.16,-3.15,-4.82,-5.18
12133.74,-1.16,4.21,-4.17,0.86,-0.86,-2.83,-1.29,-2.01,-5.03,-5.37
12255.08,-0.24,5.32,-4.28,0.97,-0.97,-2.92,-1.42,-1.21,-5.25,-5.56
12377.63,0.31,6.06,-4.38,1.09,-1.09,-3.00,-1.55,-0.77,-5.46,-5.75
12501.41,0.12,6.06,-4.48,1.20,-1.20,-3.08,-1.69,-1.08,-5.68,-5.94
12626.42,-0.49,5.64,-4.58,1.32,-1.32,-3.15,-1.83,-1.81,-5.90,-6.13
12752.68,-1.54,4.78,-4.69,1.44,-1.44,-3.23,-1.98,-2.98,-6.13,-6.32
12880.21,-2.99,3.52,-4.79,1.57,-1.57,-3.29,-2.14,-4.55,-6.36,-6.51
13009.01,-4.64,2.06,-4.89,1.69,-1.69,-3.36,-2.31,-6.33,-6.58,-6.70
13139.10,-6.29,0.60,-4.99,1.82,-1.82,-3.42,-2.49,-8.11,-6.82,-6.89
13270.49,-7.59,-0.52,-5.10,1.95,-1.95,-3.48,-2.68,-9.54,-7.05,-7.07
13403.20,-8.70,-1.48,-5.20,2.08,-2.08,-3.53,-2.88,-10.78,-7.29,-7.22
13537.23,-9.26,-1.88,-5.30,2.22,-2.22,-3.58,-3.09,-11.47,-7.52,-7.38
13672.60,-9.53,-1.99,-5.41,2.36,-2.36,-3.63,-3.32,-11.88,-7.76,-7.54
13809.33,-9.62,-1.92,-5.51,2.49,-2.49,-3.68,-3.56,-12.11,-8.01,-7.70
13947.42,-9.43,-1.57,-5.62,2.64,-2.64,-3.72,-3.82,-12.06,-8.25,-7.86
14086.90,-9.23,-1.22,-5.72,2.78,-2.78,-3.76,-4.09,-12.01,-8.50,-8.01
14227.77,-8.99,-0.85,-5.83,2.93,-2.93,-3.80,-4.40,-11.91,-8.75,-8.14
14370.04,-9.04,-0.76,-5.93,3.07,-3.07,-3.84,-4.71,-12.11,-9.00,-8.28
14513.74,-9.53,-1.11,-6.04,3.22,-3.22,-3.87,-5.05,-12.75,-9.26,-8.42
14658.88,-10.08,-1.53,-6.14,3.38,-3.38,-3.90,-5.41,-13.45,-9.52,-8.55
14805.47,-10.69,-2.00,-6.25,3.53,-3.53,-3.93,-5.78,-14.22,-9.78,-8.69
14953.52,-11.16,-2.33,-6.35,3.69,-3.69,-3.96,-6.17,-14.84,-10.04,-8.83
15103.06,-11.08,-2.08,-6.46,3.85,-3.85,-3.99,-6.57,-14.92,-10.30,-9.00
15254.09,-10.33,-1.15,-6.56,4.01,-4.01,-4.01,-6.96,-14.33,-10.57,-9.18
15406.63,-9.30,0.06,-6.67,4.17,-4.17,-4.03,-7.33,-13.47,-10.84,-9.36
15560.70,-7.81,1.74,-6.77,4.34,-4.34,-4.06,-7.66,-12.14,-11.11,-9.55
15716.30,-6.12,3.61,-6.88,4.51,-4.51,-4.07,-7.91,-10.62,-11.39,-9.73
15873.47,-4.52,5.39,-6.99,4.68,-4.68,-4.09,-8.09,-9.19,-11.66,-9.91
16032.20,-3.01,7.11,-7.09,4.85,-4.85,-4.11,-8.11,-7.85,-11.94,-10.12
16192.52,-1.87,8.54,-7.20,5.02,-5.02,-4.13,-8.05,-6.89,-12.22,-10.41
16354.45,-1.15,9.55,-7.31,5.20,-5.20,-4.14,-7.80,-6.35,-12.51,-10.70
16517.99,-0.88,10.11,-7.41,5.38,-5.38,-4.15,-7.48,-6.25,-12.79,-10.99
16683.17,-1.40,9.88,-7.52,5.56,-5.56,-4.16,-7.02,-6.96,-13.08,-11.28
16850.01,-2.19,9.38,-7.63,5.74,-5.74,-4.18,-6.54,-7.93,-13.37,-11.57
17018.51,-3.34,8.54,-7.73,5.93,-5.93,-4.18,-5.99,-9.26,-13.66,-11.88
17188.69,-4.75,7.61,-7.84,6.12,-6.12,-4.19,-5.45,-10.86,-13.96,-12.36
17360.58,-6.14,6.69,-7.95,6.31,-6.31,-4.20,-4.91,-12.44,-14.26,-12.83
17534.18,-7.26,6.05,-8.06,6.50,-6.50,-4.21,-4.39,-13.75,-14.56,-13.31
17709.53,-8.05,5.73,-8.16,6.69,-6.69,-4.22,-3.91,-14.74,-14.86,-13.78
17886.62,-8.19,6.07,-8.27,6.89,-6.89,-4.22,-3.45,-15.08,-15.16,-14.26
18065.49,-7.71,7.12,-8.38,7.09,-7.09,-4.23,-3.04,-14.79,-15.47,-14.83
18246.14,-7.13,8.44,-8.49,7.29,-7.29,-4.23,-2.65,-14.42,-15.78,-15.57
18428.60,-6.51,9.80,-8.60,7.49,-7.49,-4.24,-2.31,-14.00,-16.09,-16.31
18612.89,-6.03,11.03,-8.71,7.70,-7.70,-4.24,-1.99,-13.72,-16.41,-17.06
18799.02,-6.14,11.66,-8.82,7.91,-7.91,-4.24,-1.72,-14.04,-16.72,-17.80
18987.01,-7.04,11.50,-8.92,8.12,-8.12,-4.24,-1.46,-15.15,-17.04,-18.54
19176.88,-8.56,11.02,-9.03,8.33,-8.33,-4.25,-1.24,-16.88,-17.36,-19.58
19368.65,-10.88,9.77,-9.14,8.54,-8.54,-4.25,-1.04,-19.42,-17.69,-20.65
19562.33,-13.13,8.58,-9.25,8.76,-8.76,-4.25,-0.87,-21.89,-18.01,-21.71
19757.96,-15.18,7.60,-9.36,8.98,-8.98,-4.25,-0.70,-24.15,-18.34,-22.78
19955.54,-16.85,6.99,-9.47,9.20,-9.20,-4.25,-0.53,-26.05,-18.67,-23.84
